258 0.22
440 0.23
393 0.24
486 0.25
663 0.26
653 0.27
564 0.28
541 0.29
506 0.30
484 0.31
689 0.32
673 0.33
614 0.34
568 0.35
570 0.36
578 0.37
535 0.38
515 0.39
469 0.40
415 0.41
439 0.42
393 0.43
377 0.44
357 0.45
365 0.46
349 0.47
317 0.48
297 0.49
276 0.50
274 0.51
255 0.52
245 0.53
238 0.54
217 0.55
179 0.56
156 0.57
151 0.58
131 0.59
82 0.60
67 0.61
61 0.62
60 0.63
57 0.64
56 0.65
54 0.66
50 0.67
53 0.68
51 0.69
49 0.70
47 0.71
46 0.72
46 0.73
43 0.74
42 0.75
39 0.76
40 0.77
40 0.78
37 0.79
38 0.80
36 0.81
35 0.82
35 0.83
32 0.84
33 0.85
33 0.86
31 0.87
30 0.88
32 0.89
28 0.90
29 0.91
27 0.92
26 0.93
26 0.94
1 0.95
