0.0008 0.50
0.0010 0.51
0.0012 0.52
0.0006 0.53
0.0010 0.54
0.0006 0.55
0.0079 0.56
0.0227 0.57
0.0034 0.58
0.0080 0.59
0.0434 0.60
0.0261 0.61
0.0439 0.62
0.0647 0.63
0.0667 0.64
0.0265 0.65
0.0168 0.66
0.0250 0.67
0.0411 0.68
0.0682 0.69
0.0422 0.70
0.0196 0.71
0.0247 0.72
0.0073 0.73
0.0096 0.74
0.0093 0.75
0.0080 0.76
0.0083 0.77
0.0121 0.78
0.0262 0.79
0.0198 0.80
0.0218 0.81
0.0002 0.82
0.0001 0.83
0.0001 0.85
0.0001 0.86
0.0001 0.87
0.0002 0.88
0.0012 0.89
0.0023 0.90
0.0029 0.91
0.0316 0.92
0.0566 0.93
0.1595 0.94
0.0594 0.95
