2446 0.56 
2447 0.56 
2448 0.56 
2449 0.56 
2450 0.56 
2451 0.56 
2452 0.56 
2453 0.56 
2454 0.56 
2455 0.55 
2456 0.55 
2457 0.55 
2458 0.55 
2459 0.55 
2460 0.55 
2461 0.55 
2462 0.55 
2463 0.55 
2464 0.55 
2465 0.55 
2466 0.55 
2467 0.55 
2468 0.55 
2469 0.55 
2470 0.55 
2471 0.55 
2472 0.55 
2473 0.55 
2474 0.55 
2475 0.55 
2476 0.55 
2477 0.55 
2478 0.55 
2479 0.55 
2480 0.55 
2481 0.55 
2482 0.55 
2483 0.55 
2484 0.54 
2485 0.54 
2486 0.54 
2487 0.54 
2488 0.54 
2489 0.54 
2490 0.54 
2491 0.54 
2492 0.54 
2493 0.54 
2494 0.54 
2495 0.54 
2496 0.54 
2497 0.54 
2498 0.54 
2499 0.54 
2500 0.54 
2501 0.54 
2502 0.54 
2503 0.54 
2504 0.54 
2505 0.54 
2506 0.54 
2507 0.54 
2508 0.54 
2509 0.54 
2510 0.54 
2511 0.54 
2512 0.54 
2513 0.54 
2514 0.54 
2515 0.54 
2516 0.54 
2517 0.54 
2518 0.54 
2519 0.54 
2520 0.54 
2521 0.54 
2522 0.53 
2523 0.53 
2524 0.53 
2525 0.53 
2526 0.53 
2527 0.53 
2528 0.53 
2529 0.53 
2530 0.53 
2531 0.53 
2532 0.53 
2533 0.53 
2534 0.53 
2535 0.53 
2536 0.53 
2537 0.53 
2538 0.53 
2539 0.53 
2540 0.53 
2541 0.53 
2542 0.53 
2543 0.53 
2544 0.53 
2545 0.53 
2546 0.53 
2547 0.53 
2548 0.53 
2549 0.53 
2550 0.53 
2551 0.53 
2552 0.53 
2553 0.53 
2554 0.53 
2555 0.53 
2556 0.53 
2557 0.53 
2558 0.53 
2559 0.53 
2560 0.53 
2561 0.53 
2562 0.53 
2563 0.53 
2564 0.53 
2565 0.53 
2566 0.53 
2567 0.53 
2568 0.53 
2569 0.53 
2570 0.52 
2571 0.52 
2572 0.52 
2573 0.52 
2574 0.52 
2575 0.52 
2576 0.52 
2577 0.52 
2578 0.52 
2579 0.52 
2580 0.52 
2581 0.52 
2582 0.52 
2583 0.52 
2584 0.52 
2585 0.52 
2586 0.52 
2587 0.52 
2588 0.52 
2589 0.52 
2590 0.52 
2591 0.52 
2592 0.52 
2593 0.52 
2594 0.52 
2595 0.52 
2596 0.52 
2597 0.52 
2598 0.52 
2599 0.52 
2600 0.52 
2601 0.52 
2602 0.52 
2603 0.52 
2604 0.52 
2605 0.52 
2606 0.52 
2607 0.52 
2608 0.52 
2609 0.52 
2610 0.51 
2611 0.51 
2612 0.51 
2613 0.51 
2614 0.51 
2615 0.51 
2616 0.51 
2617 0.51 
2618 0.51 
2619 0.51 
2620 0.51 
2621 0.51 
2622 0.51 
2623 0.51 
2624 0.51 
2625 0.51 
2626 0.51 
2627 0.51 
2628 0.51 
2629 0.51 
2630 0.51 
2631 0.51 
2632 0.51 
2633 0.51 
2634 0.51 
2635 0.51 
2636 0.51 
2637 0.51 
2638 0.51 
2639 0.51 
2640 0.51 
2641 0.51 
2642 0.51 
2643 0.51 
2644 0.51 
2645 0.51 
2646 0.51 
2647 0.51 
2648 0.51 
2649 0.51 
2650 0.51 
2651 0.51 
2652 0.50 
2653 0.50 
2654 0.50 
2655 0.50 
2656 0.50 
2657 0.50 
2658 0.50 
2659 0.50 
2660 0.50 
2661 0.50 
2662 0.50 
2663 0.50 
2664 0.50 
2665 0.50 
2666 0.50 
2667 0.50 
2668 0.50 
2669 0.50 
2670 0.50 
2671 0.50 
2672 0.50 
2673 0.50 
2674 0.50 
2675 0.50 
2676 0.50 
2677 0.50 
2678 0.50 
2679 0.50 
2680 0.50 
2681 0.50 
2682 0.50 
2683 0.50 
2684 0.50 
2685 0.50 
2686 0.50 
2687 0.50 
2688 0.50 
2689 0.50 
2690 0.50 
2691 0.50 
2692 0.50 
2693 0.50 
2694 0.50 
2695 0.50 
2696 0.50 
2697 0.50 
2698 0.50 
2699 0.50 
2700 0.50 
2701 0.49 
2702 0.49 
2703 0.49 
2704 0.49 
2705 0.49 
2706 0.49 
2707 0.49 
2708 0.49 
2709 0.49 
2710 0.49 
2711 0.49 
2712 0.49 
2713 0.49 
2714 0.49 
2715 0.49 
2716 0.49 
2717 0.49 
2718 0.49 
2719 0.49 
2720 0.49 
2721 0.49 
2722 0.49 
2723 0.49 
2724 0.49 
2725 0.49 
2726 0.49 
2727 0.49 
2728 0.49 
2729 0.49 
2730 0.49 
2731 0.49 
2732 0.49 
2733 0.49 
2734 0.49 
2735 0.49 
2736 0.49 
2737 0.49 
2738 0.49 
2739 0.49 
2740 0.49 
2741 0.49 
2742 0.49 
2743 0.49 
2744 0.49 
2745 0.49 
2746 0.49 
2747 0.49 
2748 0.49 
2749 0.49 
2750 0.49 
2751 0.49 
2752 0.49 
2753 0.49 
2754 0.49 
2755 0.48 
2756 0.48 
2757 0.48 
2758 0.48 
2759 0.48 
2760 0.48 
2761 0.48 
2762 0.48 
2763 0.48 
2764 0.48 
2765 0.48 
2766 0.48 
2767 0.48 
2768 0.48 
2769 0.48 
2770 0.48 
2771 0.48 
2772 0.48 
2773 0.48 
2774 0.48 
2775 0.48 
2776 0.48 
2777 0.48 
2778 0.48 
2779 0.48 
2780 0.48 
2781 0.48 
2782 0.48 
2783 0.48 
2784 0.48 
2785 0.48 
2786 0.48 
2787 0.48 
2788 0.48 
2789 0.48 
2790 0.48 
2791 0.48 
2792 0.48 
2793 0.48 
2794 0.48 
2795 0.48 
2796 0.48 
2797 0.48 
2798 0.48 
2799 0.48 
2800 0.48 
2801 0.48 
2802 0.48 
2803 0.48 
2804 0.48 
2805 0.48 
2806 0.48 
2807 0.47 
2808 0.47 
2809 0.47 
2810 0.47 
2811 0.47 
2812 0.47 
2813 0.47 
2814 0.47 
2815 0.47 
2816 0.47 
2817 0.47 
2818 0.47 
2819 0.47 
2820 0.47 
2821 0.47 
2822 0.47 
2823 0.47 
2824 0.47 
2825 0.47 
2826 0.47 
2827 0.47 
2828 0.47 
2829 0.47 
2830 0.47 
2831 0.47 
2832 0.47 
2833 0.47 
2834 0.47 
2835 0.47 
2836 0.47 
2837 0.47 
2838 0.47 
2839 0.47 
2840 0.47 
2841 0.47 
2842 0.47 
2843 0.47 
2844 0.47 
2845 0.47 
2846 0.47 
2847 0.47 
2848 0.47 
2849 0.47 
2850 0.47 
2851 0.47 
2852 0.47 
2853 0.47 
2854 0.47 
2855 0.47 
2856 0.47 
2857 0.47 
2858 0.47 
2859 0.47 
2860 0.47 
2861 0.47 
2862 0.47 
2863 0.47 
2864 0.47 
2865 0.47 
2866 0.47 
2867 0.47 
2868 0.47 
2869 0.46 
2870 0.46 
2871 0.46 
2872 0.46 
2873 0.46 
2874 0.46 
2875 0.46 
2876 0.46 
2877 0.46 
2878 0.46 
2879 0.46 
2880 0.46 
2881 0.46 
2882 0.46 
2883 0.46 
2884 0.46 
2885 0.46 
2886 0.46 
2887 0.46 
2888 0.46 
2889 0.46 
2890 0.46 
2891 0.46 
2892 0.46 
2893 0.46 
2894 0.46 
2895 0.46 
2896 0.46 
2897 0.46 
2898 0.46 
2899 0.46 
2900 0.46 
2901 0.46 
2902 0.46 
2903 0.46 
2904 0.46 
2905 0.46 
2906 0.46 
2907 0.46 
2908 0.46 
2909 0.46 
2910 0.46 
2911 0.46 
2912 0.46 
2913 0.46 
2914 0.46 
2915 0.46 
2916 0.46 
2917 0.46 
2918 0.46 
2919 0.46 
2920 0.46 
2921 0.46 
2922 0.46 
2923 0.46 
2924 0.46 
2925 0.46 
2926 0.46 
2927 0.46 
2928 0.45 
2929 0.45 
2930 0.45 
2931 0.45 
2932 0.45 
2933 0.45 
2934 0.45 
2935 0.45 
2936 0.45 
2937 0.45 
2938 0.45 
2939 0.45 
2940 0.45 
2941 0.45 
2942 0.45 
2943 0.45 
2944 0.45 
2945 0.45 
2946 0.45 
2947 0.45 
2948 0.45 
2949 0.45 
2950 0.45 
2951 0.45 
2952 0.45 
2953 0.45 
2954 0.45 
2955 0.45 
2956 0.45 
2957 0.45 
2958 0.45 
2959 0.45 
2960 0.45 
2961 0.45 
2962 0.45 
2963 0.45 
2964 0.45 
2965 0.45 
2966 0.45 
2967 0.45 
2968 0.45 
2969 0.45 
2970 0.45 
2971 0.45 
2972 0.45 
2973 0.45 
2974 0.45 
2975 0.45 
2976 0.45 
2977 0.45 
2978 0.45 
2979 0.45 
2980 0.45 
2981 0.45 
2982 0.45 
2983 0.45 
2984 0.45 
2985 0.45 
2986 0.45 
2987 0.45 
2988 0.45 
2989 0.45 
2990 0.45 
2991 0.45 
2992 0.45 
2993 0.45 
2994 0.45 
2995 0.45 
2996 0.44 
2997 0.44 
2998 0.44 
2999 0.44 
3000 0.44 
3001 0.44 
3002 0.44 
3003 0.44 
3004 0.44 
3005 0.44 
3006 0.44 
3007 0.44 
3008 0.44 
3009 0.44 
3010 0.44 
3011 0.44 
3012 0.44 
3013 0.44 
3014 0.44 
3015 0.44 
3016 0.44 
3017 0.44 
3018 0.44 
3019 0.44 
3020 0.44 
3021 0.44 
3022 0.44 
3023 0.44 
3024 0.44 
3025 0.44 
3026 0.44 
3027 0.44 
3028 0.44 
3029 0.44 
3030 0.44 
3031 0.44 
3032 0.44 
3033 0.44 
3034 0.44 
3035 0.44 
3036 0.44 
3037 0.44 
3038 0.44 
3039 0.44 
3040 0.44 
3041 0.44 
3042 0.44 
3043 0.44 
3044 0.44 
3045 0.44 
3046 0.44 
3047 0.44 
3048 0.44 
3049 0.44 
3050 0.44 
3051 0.44 
3052 0.44 
3053 0.44 
3054 0.44 
3055 0.44 
3056 0.44 
3057 0.44 
3058 0.44 
3059 0.44 
3060 0.44 
3061 0.44 
3062 0.44 
3063 0.44 
3064 0.44 
3065 0.43 
3066 0.43 
3067 0.43 
3068 0.43 
3069 0.43 
3070 0.43 
3071 0.43 
3072 0.43 
3073 0.43 
3074 0.43 
3075 0.43 
3076 0.43 
3077 0.43 
3078 0.43 
3079 0.43 
3080 0.43 
3081 0.43 
3082 0.43 
3083 0.43 
3084 0.43 
3085 0.43 
3086 0.43 
3087 0.43 
3088 0.43 
3089 0.43 
3090 0.43 
3091 0.43 
3092 0.43 
3093 0.43 
3094 0.43 
3095 0.43 
3096 0.43 
3097 0.43 
3098 0.43 
3099 0.43 
3100 0.43 
3101 0.43 
3102 0.43 
3103 0.43 
3104 0.43 
3105 0.43 
3106 0.43 
3107 0.43 
3108 0.43 
3109 0.43 
3110 0.43 
3111 0.43 
3112 0.43 
3113 0.43 
3114 0.43 
3115 0.43 
3116 0.43 
3117 0.43 
3118 0.43 
3119 0.43 
3120 0.43 
3121 0.43 
3122 0.43 
3123 0.43 
3124 0.43 
3125 0.43 
3126 0.43 
3127 0.43 
3128 0.43 
3129 0.43 
3130 0.43 
3131 0.43 
3132 0.43 
3133 0.43 
3134 0.43 
3135 0.43 
3136 0.43 
3137 0.42 
3138 0.42 
3139 0.42 
3140 0.42 
3141 0.42 
3142 0.42 
3143 0.42 
3144 0.42 
3145 0.42 
3146 0.42 
3147 0.42 
3148 0.42 
3149 0.42 
3150 0.42 
3151 0.42 
3152 0.42 
3153 0.42 
3154 0.42 
3155 0.42 
3156 0.42 
3157 0.42 
3158 0.42 
3159 0.42 
3160 0.42 
3161 0.42 
3162 0.42 
3163 0.42 
3164 0.42 
3165 0.42 
3166 0.42 
3167 0.42 
3168 0.42 
3169 0.42 
3170 0.42 
3171 0.42 
3172 0.42 
3173 0.42 
3174 0.42 
3175 0.42 
3176 0.42 
3177 0.42 
3178 0.42 
3179 0.42 
3180 0.42 
3181 0.42 
3182 0.42 
3183 0.42 
3184 0.42 
3185 0.42 
3186 0.42 
3187 0.42 
3188 0.42 
3189 0.42 
3190 0.42 
3191 0.42 
3192 0.42 
3193 0.42 
3194 0.42 
3195 0.42 
3196 0.42 
3197 0.42 
3198 0.42 
3199 0.42 
3200 0.42 
3201 0.42 
3202 0.42 
3203 0.42 
3204 0.42 
3205 0.42 
3206 0.42 
3207 0.42 
3208 0.42 
3209 0.42 
3210 0.42 
3211 0.42 
3212 0.42 
3213 0.42 
3214 0.42 
3215 0.42 
3216 0.42 
3217 0.42 
3218 0.42 
3219 0.42 
3220 0.42 
3221 0.42 
3222 0.42 
3223 0.42 
3224 0.41 
3225 0.41 
3226 0.41 
3227 0.41 
3228 0.41 
3229 0.41 
3230 0.41 
3231 0.41 
3232 0.41 
3233 0.41 
3234 0.41 
3235 0.41 
3236 0.41 
3237 0.41 
3238 0.41 
3239 0.41 
3240 0.41 
3241 0.41 
3242 0.41 
3243 0.41 
3244 0.41 
3245 0.41 
3246 0.41 
3247 0.41 
3248 0.41 
3249 0.41 
3250 0.41 
3251 0.41 
3252 0.41 
3253 0.41 
3254 0.41 
3255 0.41 
3256 0.41 
3257 0.41 
3258 0.41 
3259 0.41 
3260 0.41 
3261 0.41 
3262 0.41 
3263 0.41 
3264 0.41 
3265 0.41 
3266 0.41 
3267 0.41 
3268 0.41 
3269 0.41 
3270 0.41 
3271 0.41 
3272 0.41 
3273 0.41 
3274 0.41 
3275 0.41 
3276 0.41 
3277 0.41 
3278 0.41 
3279 0.41 
3280 0.41 
3281 0.41 
3282 0.41 
3283 0.41 
3284 0.41 
3285 0.41 
3286 0.41 
3287 0.41 
3288 0.41 
3289 0.41 
3290 0.41 
3291 0.41 
3292 0.41 
3293 0.41 
3294 0.40 
3295 0.40 
3296 0.40 
3297 0.40 
3298 0.40 
3299 0.40 
3300 0.40 
3301 0.40 
3302 0.40 
3303 0.40 
3304 0.40 
3305 0.40 
3306 0.40 
3307 0.40 
3308 0.40 
3309 0.40 
3310 0.40 
3311 0.40 
3312 0.40 
3313 0.40 
3314 0.40 
3315 0.40 
3316 0.40 
3317 0.40 
3318 0.40 
3319 0.40 
3320 0.40 
3321 0.40 
3322 0.40 
3323 0.40 
3324 0.40 
3325 0.40 
3326 0.40 
3327 0.40 
3328 0.40 
3329 0.40 
3330 0.40 
3331 0.40 
3332 0.40 
3333 0.40 
3334 0.40 
3335 0.40 
3336 0.40 
3337 0.40 
3338 0.40 
3339 0.40 
3340 0.40 
3341 0.40 
3342 0.40 
3343 0.40 
3344 0.40 
3345 0.40 
3346 0.40 
3347 0.40 
3348 0.40 
3349 0.40 
3350 0.40 
3351 0.40 
3352 0.40 
3353 0.40 
3354 0.40 
3355 0.40 
3356 0.40 
3357 0.40 
3358 0.40 
3359 0.40 
3360 0.40 
3361 0.40 
3362 0.40 
3363 0.40 
3364 0.40 
3365 0.40 
3366 0.40 
3367 0.40 
3368 0.40 
3369 0.40 
3370 0.40 
3371 0.40 
3372 0.40 
3373 0.40 
3374 0.40 
3375 0.39 
3376 0.39 
3377 0.39 
3378 0.39 
3379 0.39 
3380 0.39 
3381 0.39 
3382 0.39 
3383 0.39 
3384 0.39 
3385 0.39 
3386 0.39 
3387 0.39 
3388 0.39 
3389 0.39 
3390 0.39 
3391 0.39 
3392 0.39 
3393 0.39 
3394 0.39 
3395 0.39 
3396 0.39 
3397 0.39 
3398 0.39 
3399 0.39 
3400 0.39 
3401 0.39 
3402 0.39 
3403 0.39 
3404 0.39 
3405 0.39 
3406 0.39 
3407 0.39 
3408 0.39 
3409 0.39 
3410 0.39 
3411 0.39 
3412 0.39 
3413 0.39 
3414 0.39 
3415 0.39 
3416 0.39 
3417 0.39 
3418 0.39 
3419 0.39 
3420 0.39 
3421 0.39 
3422 0.39 
3423 0.39 
3424 0.39 
3425 0.39 
3426 0.39 
3427 0.39 
3428 0.39 
3429 0.39 
3430 0.39 
3431 0.39 
3432 0.39 
3433 0.39 
3434 0.39 
3435 0.39 
3436 0.39 
3437 0.39 
3438 0.39 
3439 0.39 
3440 0.39 
3441 0.39 
3442 0.39 
3443 0.39 
3444 0.39 
3445 0.39 
3446 0.39 
3447 0.39 
3448 0.39 
3449 0.39 
3450 0.39 
3451 0.39 
3452 0.39 
3453 0.39 
3454 0.39 
3455 0.39 
3456 0.38 
3457 0.38 
3458 0.38 
3459 0.38 
3460 0.38 
3461 0.38 
3462 0.38 
3463 0.38 
3464 0.38 
3465 0.38 
3466 0.38 
3467 0.38 
3468 0.38 
3469 0.38 
3470 0.38 
3471 0.38 
3472 0.38 
3473 0.38 
3474 0.38 
3475 0.38 
3476 0.38 
3477 0.38 
3478 0.38 
3479 0.38 
3480 0.38 
3481 0.38 
3482 0.38 
3483 0.38 
3484 0.38 
3485 0.38 
3486 0.38 
3487 0.38 
3488 0.38 
3489 0.38 
3490 0.38 
3491 0.38 
3492 0.38 
3493 0.38 
3494 0.38 
3495 0.38 
3496 0.38 
3497 0.38 
3498 0.38 
3499 0.38 
3500 0.38 
3501 0.38 
3502 0.38 
3503 0.38 
3504 0.38 
3505 0.38 
3506 0.38 
3507 0.38 
3508 0.38 
3509 0.38 
3510 0.38 
3511 0.38 
3512 0.38 
3513 0.38 
3514 0.38 
3515 0.38 
3516 0.38 
3517 0.38 
3518 0.38 
3519 0.38 
3520 0.38 
3521 0.38 
3522 0.38 
3523 0.38 
3524 0.38 
3525 0.38 
3526 0.38 
3527 0.37 
3528 0.37 
3529 0.37 
3530 0.37 
3531 0.37 
3532 0.37 
3533 0.37 
3534 0.37 
3535 0.37 
3536 0.37 
3537 0.37 
3538 0.37 
3539 0.37 
3540 0.37 
3541 0.37 
3542 0.37 
3543 0.37 
3544 0.37 
3545 0.37 
3546 0.37 
3547 0.37 
3548 0.37 
3549 0.37 
3550 0.37 
3551 0.37 
3552 0.37 
3553 0.37 
3554 0.37 
3555 0.37 
3556 0.37 
3557 0.37 
3558 0.37 
3559 0.37 
3560 0.37 
3561 0.37 
3562 0.37 
3563 0.37 
3564 0.37 
3565 0.37 
3566 0.37 
3567 0.37 
3568 0.37 
3569 0.37 
3570 0.37 
3571 0.37 
3572 0.37 
3573 0.37 
3574 0.37 
3575 0.37 
3576 0.37 
3577 0.37 
3578 0.37 
3579 0.37 
3580 0.37 
3581 0.37 
3582 0.37 
3583 0.37 
3584 0.37 
3585 0.37 
3586 0.37 
3587 0.37 
3588 0.37 
3589 0.37 
3590 0.37 
3591 0.37 
3592 0.37 
3593 0.37 
3594 0.37 
3595 0.37 
3596 0.37 
3597 0.37 
3598 0.37 
3599 0.37 
3600 0.37 
3601 0.37 
3602 0.37 
3603 0.37 
3604 0.37 
3605 0.37 
3606 0.37 
3607 0.37 
3608 0.37 
3609 0.37 
3610 0.37 
3611 0.37 
3612 0.36 
3613 0.36 
3614 0.36 
3615 0.36 
3616 0.36 
3617 0.36 
3618 0.36 
3619 0.36 
3620 0.36 
3621 0.36 
3622 0.36 
3623 0.36 
3624 0.36 
3625 0.36 
3626 0.36 
3627 0.36 
3628 0.36 
3629 0.36 
3630 0.36 
3631 0.36 
3632 0.36 
3633 0.36 
3634 0.36 
3635 0.36 
3636 0.36 
3637 0.36 
3638 0.36 
3639 0.36 
3640 0.36 
3641 0.36 
3642 0.36 
3643 0.36 
3644 0.36 
3645 0.36 
3646 0.36 
3647 0.36 
3648 0.36 
3649 0.36 
3650 0.36 
3651 0.36 
3652 0.36 
3653 0.36 
3654 0.36 
3655 0.36 
3656 0.36 
3657 0.36 
3658 0.36 
3659 0.36 
3660 0.36 
3661 0.36 
3662 0.36 
3663 0.36 
3664 0.36 
3665 0.36 
3666 0.36 
3667 0.36 
3668 0.36 
3669 0.36 
3670 0.36 
3671 0.36 
3672 0.36 
3673 0.36 
3674 0.36 
3675 0.36 
3676 0.36 
3677 0.36 
3678 0.36 
3679 0.36 
3680 0.36 
3681 0.36 
3682 0.36 
3683 0.36 
3684 0.36 
3685 0.36 
3686 0.36 
3687 0.36 
3688 0.36 
3689 0.36 
3690 0.36 
3691 0.36 
3692 0.36 
3693 0.36 
3694 0.36 
3695 0.36 
3696 0.36 
3697 0.36 
3698 0.36 
3699 0.36 
3700 0.36 
3701 0.36 
3702 0.36 
3703 0.36 
3704 0.36 
3705 0.35 
3706 0.35 
3707 0.35 
3708 0.35 
3709 0.35 
3710 0.35 
3711 0.35 
3712 0.35 
3713 0.35 
3714 0.35 
3715 0.35 
3716 0.35 
3717 0.35 
3718 0.35 
3719 0.35 
3720 0.35 
3721 0.35 
3722 0.35 
3723 0.35 
3724 0.35 
3725 0.35 
3726 0.35 
3727 0.35 
3728 0.35 
3729 0.35 
3730 0.35 
3731 0.35 
3732 0.35 
3733 0.35 
3734 0.35 
3735 0.35 
3736 0.35 
3737 0.35 
3738 0.35 
3739 0.35 
3740 0.35 
3741 0.35 
3742 0.35 
3743 0.35 
3744 0.35 
3745 0.35 
3746 0.35 
3747 0.35 
3748 0.35 
3749 0.35 
3750 0.35 
3751 0.35 
3752 0.35 
3753 0.35 
3754 0.35 
3755 0.35 
3756 0.35 
3757 0.35 
3758 0.35 
3759 0.35 
3760 0.35 
3761 0.35 
3762 0.35 
3763 0.35 
3764 0.35 
3765 0.35 
3766 0.35 
3767 0.35 
3768 0.35 
3769 0.35 
3770 0.35 
3771 0.35 
3772 0.35 
3773 0.35 
3774 0.35 
3775 0.35 
3776 0.35 
3777 0.35 
3778 0.35 
3779 0.35 
3780 0.35 
3781 0.35 
3782 0.35 
3783 0.35 
3784 0.35 
3785 0.35 
3786 0.35 
3787 0.35 
3788 0.35 
3789 0.35 
3790 0.35 
3791 0.35 
3792 0.35 
3793 0.35 
3794 0.35 
3795 0.35 
3796 0.35 
3797 0.35 
3798 0.35 
3799 0.35 
3800 0.35 
3801 0.35 
3802 0.35 
3803 0.35 
3804 0.34 
3805 0.34 
3806 0.34 
3807 0.34 
3808 0.34 
3809 0.34 
3810 0.34 
3811 0.34 
3812 0.34 
3813 0.34 
3814 0.34 
3815 0.34 
3816 0.34 
3817 0.34 
3818 0.34 
3819 0.34 
3820 0.34 
3821 0.34 
3822 0.34 
3823 0.34 
3824 0.34 
3825 0.34 
3826 0.34 
3827 0.34 
3828 0.34 
3829 0.34 
3830 0.34 
3831 0.34 
3832 0.34 
3833 0.34 
3834 0.34 
3835 0.34 
3836 0.34 
3837 0.34 
3838 0.34 
3839 0.34 
3840 0.34 
3841 0.34 
3842 0.34 
3843 0.34 
3844 0.34 
3845 0.34 
3846 0.34 
3847 0.34 
3848 0.34 
3849 0.34 
3850 0.34 
3851 0.34 
3852 0.34 
3853 0.34 
3854 0.34 
3855 0.34 
3856 0.34 
3857 0.34 
3858 0.34 
3859 0.34 
3860 0.34 
3861 0.34 
3862 0.34 
3863 0.34 
3864 0.34 
3865 0.34 
3866 0.34 
3867 0.34 
3868 0.34 
3869 0.34 
3870 0.34 
3871 0.34 
3872 0.34 
3873 0.34 
3874 0.34 
3875 0.34 
3876 0.34 
3877 0.34 
3878 0.34 
3879 0.34 
3880 0.34 
3881 0.34 
3882 0.34 
3883 0.34 
3884 0.34 
3885 0.34 
3886 0.34 
3887 0.34 
3888 0.34 
3889 0.34 
3890 0.34 
3891 0.34 
3892 0.34 
3893 0.34 
3894 0.34 
3895 0.34 
3896 0.34 
3897 0.34 
3898 0.34 
3899 0.34 
3900 0.34 
3901 0.34 
3902 0.33 
3903 0.33 
3904 0.33 
3905 0.33 
3906 0.33 
3907 0.33 
3908 0.33 
3909 0.33 
3910 0.33 
3911 0.33 
3912 0.33 
3913 0.33 
3914 0.33 
3915 0.33 
3916 0.33 
3917 0.33 
3918 0.33 
3919 0.33 
3920 0.33 
3921 0.33 
3922 0.33 
3923 0.33 
3924 0.33 
3925 0.33 
3926 0.33 
3927 0.33 
3928 0.33 
3929 0.33 
3930 0.33 
3931 0.33 
3932 0.33 
3933 0.33 
3934 0.33 
3935 0.33 
3936 0.33 
3937 0.33 
3938 0.33 
3939 0.33 
3940 0.33 
3941 0.33 
3942 0.33 
3943 0.33 
3944 0.33 
3945 0.33 
3946 0.33 
3947 0.33 
3948 0.33 
3949 0.33 
3950 0.33 
3951 0.33 
3952 0.33 
3953 0.33 
3954 0.33 
3955 0.33 
3956 0.33 
3957 0.33 
3958 0.33 
3959 0.33 
3960 0.33 
3961 0.33 
3962 0.33 
3963 0.33 
3964 0.33 
3965 0.33 
3966 0.33 
3967 0.33 
3968 0.33 
3969 0.33 
3970 0.33 
3971 0.33 
3972 0.33 
3973 0.33 
3974 0.33 
3975 0.33 
3976 0.33 
3977 0.33 
3978 0.33 
3979 0.33 
3980 0.33 
3981 0.33 
3982 0.33 
3983 0.33 
3984 0.33 
3985 0.33 
3986 0.33 
3987 0.33 
3988 0.33 
3989 0.33 
3990 0.33 
3991 0.33 
3992 0.33 
3993 0.33 
3994 0.33 
3995 0.33 
3996 0.33 
3997 0.33 
3998 0.33 
3999 0.33 
4000 0.33 
4001 0.33 
4002 0.33 
4003 0.33 
4004 0.33 
4005 0.33 
4006 0.33 
4007 0.33 
4008 0.33 
4009 0.33 
4010 0.33 
4011 0.33 
4012 0.33 
4013 0.33 
4014 0.33 
4015 0.33 
4016 0.33 
4017 0.33 
4018 0.33 
4019 0.33 
4020 0.33 
4021 0.33 
4022 0.33 
4023 0.33 
4024 0.33 
4025 0.33 
4026 0.32 
4027 0.32 
4028 0.32 
4029 0.32 
4030 0.32 
4031 0.32 
4032 0.32 
4033 0.32 
4034 0.32 
4035 0.32 
4036 0.32 
4037 0.32 
4038 0.32 
4039 0.32 
4040 0.32 
4041 0.32 
4042 0.32 
4043 0.32 
4044 0.32 
4045 0.32 
4046 0.32 
4047 0.32 
4048 0.32 
4049 0.32 
4050 0.32 
4051 0.32 
4052 0.32 
4053 0.32 
4054 0.32 
4055 0.32 
4056 0.32 
4057 0.32 
4058 0.32 
4059 0.32 
4060 0.32 
4061 0.32 
4062 0.32 
4063 0.32 
4064 0.32 
4065 0.32 
4066 0.32 
4067 0.32 
4068 0.32 
4069 0.32 
4070 0.32 
4071 0.32 
4072 0.32 
4073 0.32 
4074 0.32 
4075 0.32 
4076 0.32 
4077 0.32 
4078 0.32 
4079 0.32 
4080 0.32 
4081 0.32 
4082 0.32 
4083 0.32 
4084 0.32 
4085 0.32 
4086 0.32 
4087 0.32 
4088 0.32 
4089 0.32 
4090 0.32 
4091 0.32 
4092 0.32 
4093 0.32 
4094 0.32 
4095 0.32 
4096 0.32 
4097 0.32 
4098 0.32 
4099 0.32 
4100 0.32 
4101 0.32 
4102 0.32 
4103 0.32 
4104 0.32 
4105 0.32 
4106 0.32 
4107 0.32 
4108 0.32 
4109 0.32 
4110 0.32 
4111 0.32 
4112 0.32 
4113 0.32 
4114 0.32 
4115 0.32 
4116 0.32 
4117 0.32 
4118 0.32 
4119 0.32 
4120 0.32 
4121 0.32 
4122 0.32 
4123 0.32 
4124 0.32 
4125 0.32 
4126 0.32 
4127 0.32 
4128 0.32 
4129 0.32 
4130 0.32 
4131 0.32 
4132 0.32 
4133 0.32 
4134 0.32 
4135 0.32 
4136 0.32 
4137 0.32 
4138 0.32 
4139 0.32 
4140 0.32 
4141 0.32 
4142 0.32 
4143 0.32 
4144 0.32 
4145 0.32 
4146 0.32 
4147 0.32 
4148 0.32 
4149 0.32 
4150 0.32 
4151 0.32 
4152 0.32 
4153 0.32 
4154 0.32 
4155 0.32 
4156 0.32 
4157 0.32 
4158 0.32 
4159 0.31 
4160 0.31 
4161 0.31 
4162 0.31 
4163 0.31 
4164 0.31 
4165 0.31 
4166 0.31 
4167 0.31 
4168 0.31 
4169 0.31 
4170 0.31 
4171 0.31 
4172 0.31 
4173 0.31 
4174 0.31 
4175 0.31 
4176 0.31 
4177 0.31 
4178 0.31 
4179 0.31 
4180 0.31 
4181 0.31 
4182 0.31 
4183 0.31 
4184 0.31 
4185 0.31 
4186 0.31 
4187 0.31 
4188 0.31 
4189 0.31 
4190 0.31 
4191 0.31 
4192 0.31 
4193 0.31 
4194 0.31 
4195 0.31 
4196 0.31 
4197 0.31 
4198 0.31 
4199 0.31 
4200 0.31 
4201 0.31 
4202 0.31 
4203 0.31 
4204 0.31 
4205 0.31 
4206 0.31 
4207 0.31 
4208 0.31 
4209 0.31 
4210 0.31 
4211 0.31 
4212 0.31 
4213 0.31 
4214 0.31 
4215 0.31 
4216 0.31 
4217 0.31 
4218 0.31 
4219 0.31 
4220 0.31 
4221 0.31 
4222 0.31 
4223 0.31 
4224 0.31 
4225 0.31 
4226 0.31 
4227 0.31 
4228 0.31 
4229 0.31 
4230 0.31 
4231 0.31 
4232 0.31 
4233 0.31 
4234 0.31 
4235 0.31 
4236 0.31 
4237 0.31 
4238 0.31 
4239 0.31 
4240 0.31 
4241 0.31 
4242 0.31 
4243 0.31 
4244 0.31 
4245 0.31 
4246 0.31 
4247 0.31 
4248 0.31 
4249 0.31 
4250 0.31 
4251 0.31 
4252 0.31 
4253 0.31 
4254 0.31 
4255 0.31 
4256 0.31 
4257 0.31 
4258 0.31 
4259 0.31 
4260 0.31 
4261 0.31 
4262 0.31 
4263 0.31 
4264 0.31 
4265 0.31 
4266 0.31 
4267 0.31 
4268 0.31 
4269 0.31 
4270 0.31 
4271 0.31 
4272 0.31 
4273 0.31 
4274 0.31 
4275 0.31 
4276 0.31 
4277 0.31 
4278 0.31 
4279 0.31 
4280 0.31 
4281 0.31 
4282 0.31 
4283 0.31 
4284 0.31 
4285 0.31 
4286 0.31 
4287 0.31 
4288 0.31 
4289 0.31 
4290 0.31 
4291 0.31 
4292 0.31 
4293 0.31 
4294 0.31 
4295 0.31 
4296 0.31 
4297 0.31 
4298 0.31 
4299 0.31 
4300 0.31 
4301 0.30 
4302 0.30 
4303 0.30 
4304 0.30 
4305 0.30 
4306 0.30 
4307 0.30 
4308 0.30 
4309 0.30 
4310 0.30 
4311 0.30 
4312 0.30 
4313 0.30 
4314 0.30 
4315 0.30 
4316 0.30 
4317 0.30 
4318 0.30 
4319 0.30 
4320 0.30 
4321 0.30 
4322 0.30 
4323 0.30 
4324 0.30 
4325 0.30 
4326 0.30 
4327 0.30 
4328 0.30 
4329 0.30 
4330 0.30 
4331 0.30 
4332 0.30 
4333 0.30 
4334 0.30 
4335 0.30 
4336 0.30 
4337 0.30 
4338 0.30 
4339 0.30 
4340 0.30 
4341 0.30 
4342 0.30 
4343 0.30 
4344 0.30 
4345 0.30 
4346 0.30 
4347 0.30 
4348 0.30 
4349 0.30 
4350 0.30 
4351 0.30 
4352 0.30 
4353 0.30 
4354 0.30 
4355 0.30 
4356 0.30 
4357 0.30 
4358 0.30 
4359 0.30 
4360 0.30 
4361 0.30 
4362 0.30 
4363 0.30 
4364 0.30 
4365 0.30 
4366 0.30 
4367 0.30 
4368 0.30 
4369 0.30 
4370 0.30 
4371 0.30 
4372 0.30 
4373 0.30 
4374 0.30 
4375 0.30 
4376 0.30 
4377 0.30 
4378 0.30 
4379 0.30 
4380 0.30 
4381 0.30 
4382 0.30 
4383 0.30 
4384 0.30 
4385 0.30 
4386 0.30 
4387 0.30 
4388 0.30 
4389 0.30 
4390 0.30 
4391 0.30 
4392 0.30 
4393 0.30 
4394 0.30 
4395 0.30 
4396 0.30 
4397 0.30 
4398 0.30 
4399 0.30 
4400 0.30 
4401 0.30 
4402 0.30 
4403 0.30 
4404 0.30 
4405 0.30 
4406 0.30 
4407 0.30 
4408 0.30 
4409 0.30 
4410 0.30 
4411 0.30 
4412 0.30 
4413 0.30 
4414 0.30 
4415 0.30 
4416 0.30 
4417 0.30 
4418 0.30 
4419 0.30 
4420 0.30 
4421 0.30 
4422 0.30 
4423 0.30 
4424 0.30 
4425 0.30 
4426 0.30 
4427 0.30 
4428 0.30 
4429 0.30 
4430 0.29 
4431 0.29 
4432 0.29 
4433 0.29 
4434 0.29 
4435 0.29 
4436 0.29 
4437 0.29 
4438 0.29 
4439 0.29 
4440 0.29 
4441 0.29 
4442 0.29 
4443 0.29 
4444 0.29 
4445 0.29 
4446 0.29 
4447 0.29 
4448 0.29 
4449 0.29 
4450 0.29 
4451 0.29 
4452 0.29 
4453 0.29 
4454 0.29 
4455 0.29 
4456 0.29 
4457 0.29 
4458 0.29 
4459 0.29 
4460 0.29 
4461 0.29 
4462 0.29 
4463 0.29 
4464 0.29 
4465 0.29 
4466 0.29 
4467 0.29 
4468 0.29 
4469 0.29 
4470 0.29 
4471 0.29 
4472 0.29 
4473 0.29 
4474 0.29 
4475 0.29 
4476 0.29 
4477 0.29 
4478 0.29 
4479 0.29 
4480 0.29 
4481 0.29 
4482 0.29 
4483 0.29 
4484 0.29 
4485 0.29 
4486 0.29 
4487 0.29 
4488 0.29 
4489 0.29 
4490 0.29 
4491 0.29 
4492 0.29 
4493 0.29 
4494 0.29 
4495 0.29 
4496 0.29 
4497 0.29 
4498 0.29 
4499 0.29 
4500 0.29 
4501 0.29 
4502 0.29 
4503 0.29 
4504 0.29 
4505 0.29 
4506 0.29 
4507 0.29 
4508 0.29 
4509 0.29 
4510 0.29 
4511 0.29 
4512 0.29 
4513 0.29 
4514 0.29 
4515 0.29 
4516 0.29 
4517 0.29 
4518 0.29 
4519 0.29 
4520 0.29 
4521 0.29 
4522 0.29 
4523 0.29 
4524 0.29 
4525 0.29 
4526 0.29 
4527 0.29 
4528 0.29 
4529 0.29 
4530 0.29 
4531 0.29 
4532 0.29 
4533 0.29 
4534 0.29 
4535 0.29 
4536 0.29 
4537 0.29 
4538 0.29 
4539 0.29 
4540 0.29 
4541 0.29 
4542 0.29 
4543 0.29 
4544 0.29 
4545 0.29 
4546 0.29 
4547 0.29 
4548 0.29 
4549 0.29 
4550 0.29 
4551 0.29 
4552 0.29 
4553 0.29 
4554 0.29 
4555 0.29 
4556 0.29 
4557 0.29 
4558 0.29 
4559 0.29 
4560 0.29 
4561 0.29 
4562 0.29 
4563 0.29 
4564 0.28 
4565 0.28 
4566 0.28 
4567 0.28 
4568 0.28 
4569 0.28 
4570 0.28 
4571 0.28 
4572 0.28 
4573 0.28 
4574 0.28 
4575 0.28 
4576 0.28 
4577 0.28 
4578 0.28 
4579 0.28 
4580 0.28 
4581 0.28 
4582 0.28 
4583 0.28 
4584 0.28 
4585 0.28 
4586 0.28 
4587 0.28 
4588 0.28 
4589 0.28 
4590 0.28 
4591 0.28 
4592 0.28 
4593 0.28 
4594 0.28 
4595 0.28 
4596 0.28 
4597 0.28 
4598 0.28 
4599 0.28 
4600 0.28 
4601 0.28 
4602 0.28 
4603 0.28 
4604 0.28 
4605 0.28 
4606 0.28 
4607 0.28 
4608 0.28 
4609 0.28 
4610 0.28 
4611 0.28 
4612 0.28 
4613 0.28 
4614 0.28 
4615 0.28 
4616 0.28 
4617 0.28 
4618 0.28 
4619 0.28 
4620 0.28 
4621 0.28 
4622 0.28 
4623 0.28 
4624 0.28 
4625 0.28 
4626 0.28 
4627 0.28 
4628 0.28 
4629 0.28 
4630 0.28 
4631 0.28 
4632 0.28 
4633 0.28 
4634 0.28 
4635 0.28 
4636 0.28 
4637 0.28 
4638 0.28 
4639 0.28 
4640 0.28 
4641 0.28 
4642 0.28 
4643 0.28 
4644 0.28 
4645 0.28 
4646 0.28 
4647 0.28 
4648 0.28 
4649 0.28 
4650 0.28 
4651 0.28 
4652 0.28 
4653 0.28 
4654 0.28 
4655 0.28 
4656 0.28 
4657 0.28 
4658 0.28 
4659 0.28 
4660 0.28 
4661 0.28 
4662 0.28 
4663 0.28 
4664 0.28 
4665 0.28 
4666 0.28 
4667 0.28 
4668 0.28 
4669 0.28 
4670 0.28 
4671 0.28 
4672 0.28 
4673 0.28 
4674 0.28 
4675 0.28 
4676 0.28 
4677 0.28 
4678 0.28 
4679 0.28 
4680 0.28 
4681 0.28 
4682 0.28 
4683 0.27 
4684 0.27 
4685 0.27 
4686 0.27 
4687 0.27 
4688 0.27 
4689 0.27 
4690 0.27 
4691 0.27 
4692 0.27 
4693 0.27 
4694 0.27 
4695 0.27 
4696 0.27 
4697 0.27 
4698 0.27 
4699 0.27 
4700 0.27 
4701 0.27 
4702 0.27 
4703 0.27 
4704 0.27 
4705 0.27 
4706 0.27 
4707 0.27 
4708 0.27 
4709 0.27 
4710 0.27 
4711 0.27 
4712 0.27 
4713 0.27 
4714 0.27 
4715 0.27 
4716 0.27 
4717 0.27 
4718 0.27 
4719 0.27 
4720 0.27 
4721 0.27 
4722 0.27 
4723 0.27 
4724 0.27 
4725 0.27 
4726 0.27 
4727 0.27 
4728 0.27 
4729 0.27 
4730 0.27 
4731 0.27 
4732 0.27 
4733 0.27 
4734 0.27 
4735 0.27 
4736 0.27 
4737 0.27 
4738 0.27 
4739 0.27 
4740 0.27 
4741 0.27 
4742 0.27 
4743 0.27 
4744 0.27 
4745 0.27 
4746 0.27 
4747 0.27 
4748 0.27 
4749 0.27 
4750 0.27 
4751 0.27 
4752 0.27 
4753 0.27 
4754 0.27 
4755 0.27 
4756 0.27 
4757 0.27 
4758 0.27 
4759 0.27 
4760 0.27 
4761 0.27 
4762 0.27 
4763 0.27 
4764 0.27 
4765 0.27 
4766 0.27 
4767 0.27 
4768 0.27 
4769 0.27 
4770 0.27 
4771 0.27 
4772 0.27 
4773 0.27 
4774 0.27 
4775 0.27 
4776 0.27 
4777 0.27 
4778 0.27 
4779 0.27 
4780 0.27 
4781 0.27 
4782 0.27 
4783 0.27 
4784 0.27 
4785 0.27 
4786 0.27 
4787 0.27 
4788 0.27 
4789 0.27 
4790 0.27 
4791 0.27 
4792 0.27 
4793 0.27 
4794 0.27 
4795 0.27 
4796 0.27 
4797 0.27 
4798 0.27 
4799 0.27 
4800 0.27 
4801 0.27 
4802 0.27 
4803 0.27 
4804 0.27 
4805 0.27 
4806 0.27 
4807 0.27 
4808 0.27 
4809 0.27 
4810 0.27 
4811 0.27 
4812 0.27 
4813 0.27 
4814 0.27 
4815 0.27 
4816 0.27 
4817 0.27 
4818 0.27 
4819 0.27 
4820 0.27 
4821 0.27 
4822 0.27 
4823 0.27 
4824 0.27 
4825 0.27 
4826 0.27 
4827 0.27 
4828 0.27 
4829 0.27 
4830 0.27 
4831 0.27 
4832 0.27 
4833 0.27 
4834 0.27 
4835 0.27 
4836 0.27 
4837 0.27 
4838 0.27 
4839 0.27 
4840 0.27 
4841 0.27 
4842 0.27 
4843 0.27 
4844 0.27 
4845 0.27 
4846 0.27 
4847 0.27 
4848 0.27 
4849 0.27 
4850 0.27 
4851 0.27 
4852 0.27 
4853 0.27 
4854 0.27 
4855 0.27 
4856 0.27 
4857 0.27 
4858 0.26 
4859 0.26 
4860 0.26 
4861 0.26 
4862 0.26 
4863 0.26 
4864 0.26 
4865 0.26 
4866 0.26 
4867 0.26 
4868 0.26 
4869 0.26 
4870 0.26 
4871 0.26 
4872 0.26 
4873 0.26 
4874 0.26 
4875 0.26 
4876 0.26 
4877 0.26 
4878 0.26 
4879 0.26 
4880 0.26 
4881 0.26 
4882 0.26 
4883 0.26 
4884 0.26 
4885 0.26 
4886 0.26 
4887 0.26 
4888 0.26 
4889 0.26 
4890 0.26 
4891 0.26 
4892 0.26 
4893 0.26 
4894 0.26 
4895 0.26 
4896 0.26 
4897 0.26 
4898 0.26 
4899 0.26 
4900 0.26 
4901 0.26 
4902 0.26 
4903 0.26 
4904 0.26 
4905 0.26 
4906 0.26 
4907 0.26 
4908 0.26 
4909 0.26 
4910 0.26 
4911 0.26 
4912 0.26 
4913 0.26 
4914 0.26 
4915 0.26 
4916 0.26 
4917 0.26 
4918 0.26 
4919 0.26 
4920 0.26 
4921 0.26 
4922 0.26 
4923 0.26 
4924 0.26 
4925 0.26 
4926 0.26 
4927 0.26 
4928 0.26 
4929 0.26 
4930 0.26 
4931 0.26 
4932 0.26 
4933 0.26 
4934 0.26 
4935 0.26 
4936 0.26 
4937 0.26 
4938 0.26 
4939 0.26 
4940 0.26 
4941 0.26 
4942 0.26 
4943 0.26 
4944 0.26 
4945 0.26 
4946 0.26 
4947 0.26 
4948 0.26 
4949 0.26 
4950 0.26 
4951 0.26 
4952 0.26 
4953 0.26 
4954 0.26 
4955 0.26 
4956 0.26 
4957 0.26 
4958 0.26 
4959 0.26 
4960 0.26 
4961 0.26 
4962 0.26 
4963 0.26 
4964 0.26 
4965 0.26 
4966 0.26 
4967 0.26 
4968 0.26 
4969 0.26 
4970 0.26 
4971 0.26 
4972 0.26 
4973 0.26 
4974 0.26 
4975 0.26 
4976 0.26 
4977 0.26 
4978 0.26 
4979 0.26 
4980 0.26 
4981 0.26 
4982 0.26 
4983 0.26 
4984 0.26 
4985 0.26 
4986 0.26 
4987 0.26 
4988 0.26 
4989 0.26 
4990 0.26 
4991 0.26 
4992 0.26 
4993 0.26 
4994 0.26 
4995 0.26 
4996 0.26 
4997 0.26 
4998 0.26 
4999 0.26 
5000 0.26 
5001 0.26 
5002 0.26 
5003 0.26 
5004 0.26 
5005 0.26 
5006 0.26 
5007 0.26 
5008 0.26 
5009 0.26 
5010 0.26 
5011 0.26 
5012 0.26 
5013 0.26 
5014 0.26 
5015 0.26 
5016 0.26 
5017 0.26 
5018 0.26 
5019 0.26 
5020 0.26 
5021 0.26 
5022 0.26 
5023 0.26 
5024 0.26 
5025 0.26 
5026 0.26 
5027 0.26 
5028 0.26 
5029 0.26 
5030 0.26 
5031 0.26 
5032 0.26 
5033 0.26 
5034 0.26 
5035 0.26 
5036 0.26 
5037 0.26 
5038 0.26 
5039 0.26 
5040 0.26 
5041 0.26 
5042 0.26 
5043 0.26 
5044 0.26 
5045 0.26 
5046 0.26 
5047 0.25 
5048 0.25 
5049 0.25 
5050 0.25 
5051 0.25 
5052 0.25 
5053 0.25 
5054 0.25 
5055 0.25 
5056 0.25 
5057 0.25 
5058 0.25 
5059 0.25 
5060 0.25 
5061 0.25 
5062 0.25 
5063 0.25 
5064 0.25 
5065 0.25 
5066 0.25 
5067 0.25 
5068 0.25 
5069 0.25 
5070 0.25 
5071 0.25 
5072 0.25 
5073 0.25 
5074 0.25 
5075 0.25 
5076 0.25 
5077 0.25 
5078 0.25 
5079 0.25 
5080 0.25 
5081 0.25 
5082 0.25 
5083 0.25 
5084 0.25 
5085 0.25 
5086 0.25 
5087 0.25 
5088 0.25 
5089 0.25 
5090 0.25 
5091 0.25 
5092 0.25 
5093 0.25 
5094 0.25 
5095 0.25 
5096 0.25 
5097 0.25 
5098 0.25 
5099 0.25 
5100 0.25 
5101 0.25 
5102 0.25 
5103 0.25 
5104 0.25 
5105 0.25 
5106 0.25 
5107 0.25 
5108 0.25 
5109 0.25 
5110 0.25 
5111 0.25 
5112 0.25 
5113 0.25 
5114 0.25 
5115 0.25 
5116 0.25 
5117 0.25 
5118 0.25 
5119 0.25 
5120 0.25 
5121 0.25 
5122 0.25 
5123 0.25 
5124 0.25 
5125 0.25 
5126 0.25 
5127 0.25 
5128 0.25 
5129 0.25 
5130 0.25 
5131 0.25 
5132 0.25 
5133 0.25 
5134 0.25 
5135 0.25 
5136 0.25 
5137 0.25 
5138 0.25 
5139 0.25 
5140 0.25 
5141 0.25 
5142 0.25 
5143 0.25 
5144 0.25 
5145 0.25 
5146 0.25 
5147 0.25 
5148 0.25 
5149 0.25 
5150 0.25 
5151 0.25 
5152 0.25 
5153 0.25 
5154 0.25 
5155 0.25 
5156 0.25 
5157 0.25 
5158 0.25 
5159 0.25 
5160 0.25 
5161 0.25 
5162 0.25 
5163 0.25 
5164 0.25 
5165 0.25 
5166 0.25 
5167 0.25 
5168 0.25 
5169 0.25 
5170 0.25 
5171 0.25 
5172 0.25 
5173 0.25 
5174 0.25 
5175 0.25 
5176 0.25 
5177 0.25 
5178 0.25 
5179 0.25 
5180 0.25 
5181 0.25 
5182 0.25 
5183 0.25 
5184 0.25 
5185 0.25 
5186 0.25 
5187 0.25 
5188 0.25 
5189 0.25 
5190 0.25 
5191 0.25 
5192 0.25 
5193 0.25 
5194 0.25 
5195 0.25 
5196 0.25 
5197 0.25 
5198 0.25 
5199 0.25 
5200 0.25 
5201 0.25 
5202 0.25 
5203 0.25 
5204 0.25 
5205 0.25 
5206 0.25 
5207 0.25 
5208 0.25 
5209 0.25 
5210 0.25 
5211 0.25 
5212 0.25 
5213 0.25 
5214 0.25 
5215 0.25 
5216 0.25 
5217 0.25 
5218 0.25 
5219 0.25 
5220 0.25 
5221 0.25 
5222 0.25 
5223 0.25 
5224 0.25 
5225 0.25 
5226 0.25 
5227 0.25 
5228 0.25 
5229 0.25 
5230 0.25 
5231 0.25 
5232 0.25 
5233 0.25 
5234 0.25 
5235 0.25 
5236 0.25 
5237 0.25 
5238 0.25 
5239 0.25 
5240 0.25 
5241 0.25 
5242 0.25 
5243 0.25 
5244 0.25 
5245 0.25 
5246 0.25 
5247 0.25 
5248 0.25 
5249 0.25 
5250 0.25 
5251 0.25 
5252 0.25 
5253 0.25 
5254 0.25 
5255 0.25 
5256 0.25 
5257 0.24 
5258 0.24 
5259 0.24 
5260 0.24 
5261 0.24 
5262 0.24 
5263 0.24 
5264 0.24 
5265 0.24 
5266 0.24 
5267 0.24 
5268 0.24 
5269 0.24 
5270 0.24 
5271 0.24 
5272 0.24 
5273 0.24 
5274 0.24 
5275 0.24 
5276 0.24 
5277 0.24 
5278 0.24 
5279 0.24 
5280 0.24 
5281 0.24 
5282 0.24 
5283 0.24 
5284 0.24 
5285 0.24 
5286 0.24 
5287 0.24 
5288 0.24 
5289 0.24 
5290 0.24 
5291 0.24 
5292 0.24 
5293 0.24 
5294 0.24 
5295 0.24 
5296 0.24 
5297 0.24 
5298 0.24 
5299 0.24 
5300 0.24 
5301 0.24 
5302 0.24 
5303 0.24 
5304 0.24 
5305 0.24 
5306 0.24 
5307 0.24 
5308 0.24 
5309 0.24 
5310 0.24 
5311 0.24 
5312 0.24 
5313 0.24 
5314 0.24 
5315 0.24 
5316 0.24 
5317 0.24 
5318 0.24 
5319 0.24 
5320 0.24 
5321 0.24 
5322 0.24 
5323 0.24 
5324 0.24 
5325 0.24 
5326 0.24 
5327 0.24 
5328 0.24 
5329 0.24 
5330 0.24 
5331 0.24 
5332 0.24 
5333 0.24 
5334 0.24 
5335 0.24 
5336 0.24 
5337 0.24 
5338 0.24 
5339 0.24 
5340 0.24 
5341 0.24 
5342 0.24 
5343 0.24 
5344 0.24 
5345 0.24 
5346 0.24 
5347 0.24 
5348 0.24 
5349 0.24 
5350 0.24 
5351 0.24 
5352 0.24 
5353 0.24 
5354 0.24 
5355 0.24 
5356 0.24 
5357 0.24 
5358 0.24 
5359 0.24 
5360 0.24 
5361 0.24 
5362 0.24 
5363 0.24 
5364 0.24 
5365 0.24 
5366 0.24 
5367 0.24 
5368 0.24 
5369 0.24 
5370 0.24 
5371 0.24 
5372 0.24 
5373 0.24 
5374 0.24 
5375 0.24 
5376 0.24 
5377 0.24 
5378 0.24 
5379 0.24 
5380 0.24 
5381 0.24 
5382 0.24 
5383 0.24 
5384 0.24 
5385 0.24 
5386 0.24 
5387 0.24 
5388 0.24 
5389 0.24 
5390 0.24 
5391 0.24 
5392 0.24 
5393 0.24 
5394 0.24 
5395 0.24 
5396 0.24 
5397 0.24 
5398 0.24 
5399 0.24 
5400 0.24 
5401 0.24 
5402 0.24 
5403 0.24 
5404 0.24 
5405 0.24 
5406 0.24 
5407 0.24 
5408 0.24 
5409 0.24 
5410 0.24 
5411 0.24 
5412 0.24 
5413 0.24 
5414 0.24 
5415 0.24 
5416 0.24 
5417 0.24 
5418 0.24 
5419 0.24 
5420 0.24 
5421 0.24 
5422 0.24 
5423 0.24 
5424 0.24 
5425 0.24 
5426 0.24 
5427 0.24 
5428 0.24 
5429 0.24 
5430 0.24 
5431 0.24 
5432 0.24 
5433 0.24 
5434 0.24 
5435 0.24 
5436 0.24 
5437 0.24 
5438 0.24 
5439 0.24 
5440 0.24 
5441 0.24 
5442 0.24 
5443 0.24 
5444 0.24 
5445 0.24 
5446 0.24 
5447 0.24 
5448 0.24 
5449 0.24 
5450 0.24 
5451 0.24 
5452 0.24 
5453 0.24 
5454 0.24 
5455 0.24 
5456 0.24 
5457 0.24 
5458 0.24 
5459 0.24 
5460 0.24 
5461 0.24 
5462 0.24 
5463 0.24 
5464 0.24 
5465 0.24 
5466 0.24 
5467 0.23 
5468 0.23 
5469 0.23 
5470 0.23 
5471 0.23 
5472 0.23 
5473 0.23 
5474 0.23 
5475 0.23 
5476 0.23 
5477 0.23 
5478 0.23 
5479 0.23 
5480 0.23 
5481 0.23 
5482 0.23 
5483 0.23 
5484 0.23 
5485 0.23 
5486 0.23 
5487 0.23 
5488 0.23 
5489 0.23 
5490 0.23 
5491 0.23 
5492 0.23 
5493 0.23 
5494 0.23 
5495 0.23 
5496 0.23 
5497 0.23 
5498 0.23 
5499 0.23 
5500 0.23 
5501 0.23 
5502 0.23 
5503 0.23 
5504 0.23 
5505 0.23 
5506 0.23 
5507 0.23 
5508 0.23 
5509 0.23 
5510 0.23 
5511 0.23 
5512 0.23 
5513 0.23 
5514 0.23 
5515 0.23 
5516 0.23 
5517 0.23 
5518 0.23 
5519 0.23 
5520 0.23 
5521 0.23 
5522 0.23 
5523 0.23 
5524 0.23 
5525 0.23 
5526 0.23 
5527 0.23 
5528 0.23 
5529 0.23 
5530 0.23 
5531 0.23 
5532 0.23 
5533 0.23 
5534 0.23 
5535 0.23 
5536 0.23 
5537 0.23 
5538 0.23 
5539 0.23 
5540 0.23 
5541 0.23 
5542 0.23 
5543 0.23 
5544 0.23 
5545 0.23 
5546 0.23 
5547 0.23 
5548 0.23 
5549 0.23 
5550 0.23 
5551 0.23 
5552 0.23 
5553 0.23 
5554 0.23 
5555 0.23 
5556 0.23 
5557 0.23 
5558 0.23 
5559 0.23 
5560 0.23 
5561 0.23 
5562 0.23 
5563 0.23 
5564 0.23 
5565 0.23 
5566 0.23 
5567 0.23 
5568 0.23 
5569 0.23 
5570 0.23 
5571 0.23 
5572 0.23 
5573 0.23 
5574 0.23 
5575 0.23 
5576 0.23 
5577 0.23 
5578 0.23 
5579 0.23 
5580 0.23 
5581 0.23 
5582 0.23 
5583 0.23 
5584 0.23 
5585 0.23 
5586 0.23 
5587 0.23 
5588 0.23 
5589 0.23 
5590 0.23 
5591 0.23 
5592 0.23 
5593 0.23 
5594 0.23 
5595 0.23 
5596 0.23 
5597 0.23 
5598 0.23 
5599 0.23 
5600 0.23 
5601 0.23 
5602 0.23 
5603 0.23 
5604 0.23 
5605 0.23 
5606 0.23 
5607 0.23 
5608 0.23 
5609 0.23 
5610 0.23 
5611 0.23 
5612 0.23 
5613 0.23 
5614 0.23 
5615 0.23 
5616 0.23 
5617 0.23 
5618 0.23 
5619 0.23 
5620 0.23 
5621 0.23 
5622 0.23 
5623 0.23 
5624 0.23 
5625 0.23 
5626 0.23 
5627 0.23 
5628 0.23 
5629 0.23 
5630 0.23 
5631 0.23 
5632 0.23 
5633 0.23 
5634 0.23 
5635 0.23 
5636 0.23 
5637 0.23 
5638 0.23 
5639 0.23 
5640 0.23 
5641 0.23 
5642 0.23 
5643 0.23 
5644 0.23 
5645 0.23 
5646 0.23 
5647 0.23 
5648 0.23 
5649 0.23 
5650 0.23 
5651 0.23 
5652 0.23 
5653 0.23 
5654 0.23 
5655 0.23 
5656 0.23 
5657 0.23 
5658 0.23 
5659 0.23 
5660 0.23 
5661 0.23 
5662 0.23 
5663 0.23 
5664 0.23 
5665 0.23 
5666 0.23 
5667 0.23 
5668 0.23 
5669 0.23 
5670 0.23 
5671 0.23 
5672 0.23 
5673 0.23 
5674 0.23 
5675 0.23 
5676 0.23 
5677 0.23 
5678 0.23 
5679 0.23 
5680 0.23 
5681 0.23 
5682 0.23 
5683 0.23 
5684 0.23 
5685 0.23 
5686 0.23 
5687 0.23 
5688 0.23 
5689 0.23 
5690 0.23 
5691 0.23 
5692 0.23 
5693 0.23 
5694 0.23 
5695 0.23 
5696 0.23 
5697 0.23 
5698 0.23 
5699 0.23 
5700 0.23 
5701 0.23 
5702 0.23 
5703 0.23 
5704 0.23 
5705 0.23 
5706 0.23 
5707 0.23 
5708 0.23 
5709 0.23 
5710 0.23 
5711 0.22 
5712 0.22 
5713 0.22 
5714 0.22 
5715 0.22 
5716 0.22 
5717 0.22 
5718 0.22 
5719 0.22 
5720 0.22 
5721 0.22 
5722 0.22 
5723 0.22 
5724 0.22 
5725 0.22 
5726 0.22 
5727 0.22 
5728 0.22 
5729 0.22 
5730 0.22 
5731 0.22 
5732 0.22 
5733 0.22 
5734 0.22 
5735 0.22 
5736 0.22 
5737 0.22 
5738 0.22 
5739 0.22 
5740 0.22 
5741 0.22 
5742 0.22 
5743 0.22 
5744 0.22 
5745 0.22 
5746 0.22 
5747 0.22 
5748 0.22 
5749 0.22 
5750 0.22 
5751 0.22 
5752 0.22 
5753 0.22 
5754 0.22 
5755 0.22 
5756 0.22 
5757 0.22 
5758 0.22 
5759 0.22 
5760 0.22 
5761 0.22 
5762 0.22 
5763 0.22 
5764 0.22 
5765 0.22 
5766 0.22 
5767 0.22 
5768 0.22 
5769 0.22 
5770 0.22 
5771 0.22 
5772 0.22 
5773 0.22 
5774 0.22 
5775 0.22 
5776 0.22 
5777 0.22 
5778 0.22 
5779 0.22 
5780 0.22 
5781 0.22 
5782 0.22 
5783 0.22 
5784 0.22 
5785 0.22 
5786 0.22 
5787 0.22 
5788 0.22 
5789 0.22 
5790 0.22 
5791 0.22 
5792 0.22 
5793 0.22 
5794 0.22 
5795 0.22 
5796 0.22 
5797 0.22 
5798 0.22 
5799 0.22 
5800 0.22 
5801 0.22 
5802 0.22 
5803 0.22 
5804 0.22 
5805 0.22 
5806 0.22 
5807 0.22 
5808 0.22 
5809 0.22 
5810 0.22 
5811 0.22 
5812 0.22 
5813 0.22 
5814 0.22 
5815 0.22 
5816 0.22 
5817 0.22 
5818 0.22 
5819 0.22 
5820 0.22 
5821 0.22 
5822 0.22 
5823 0.22 
5824 0.22 
5825 0.22 
5826 0.22 
5827 0.22 
5828 0.22 
5829 0.22 
5830 0.22 
5831 0.22 
5832 0.22 
5833 0.22 
5834 0.22 
5835 0.22 
5836 0.22 
5837 0.22 
5838 0.22 
5839 0.22 
5840 0.22 
5841 0.22 
5842 0.22 
5843 0.22 
5844 0.22 
5845 0.22 
5846 0.22 
5847 0.22 
5848 0.22 
5849 0.22 
5850 0.22 
5851 0.22 
5852 0.22 
5853 0.22 
5854 0.22 
5855 0.22 
5856 0.22 
5857 0.22 
5858 0.22 
5859 0.22 
5860 0.22 
5861 0.22 
5862 0.22 
5863 0.22 
5864 0.22 
5865 0.22 
5866 0.22 
