1 0.47 
2 0.59 
3 0.67 
4 0.72 
5 0.75 
6 0.60 
7 0.51 
8 0.49 
9 0.53 
10 0.52 
11 0.52 
12 0.55 
13 0.53 
14 0.55 
15 0.57 
16 0.59 
17 0.60 
18 0.59 
19 0.57 
20 0.56 
21 0.54 
22 0.56 
23 0.56 
24 0.54 
25 0.56 
26 0.52 
27 0.49 
28 0.50 
29 0.51 
30 0.52 
31 0.52 
32 0.54 
33 0.52 
34 0.52 
35 0.53 
36 0.54 
37 0.51 
38 0.50 
39 0.48 
40 0.47 
41 0.48 
42 0.46 
43 0.47 
44 0.48 
45 0.49 
46 0.50 
47 0.48 
48 0.49 
49 0.50 
50 0.51 
51 0.51 
52 0.52 
53 0.53 
54 0.54 
55 0.54 
56 0.55 
57 0.56 
58 0.56 
59 0.57 
60 0.58 
61 0.58 
62 0.59 
63 0.60 
64 0.60 
65 0.61 
66 0.61 
67 0.62 
68 0.62 
69 0.63 
70 0.64 
71 0.64 
72 0.64 
73 0.65 
74 0.65 
75 0.65 
76 0.66 
77 0.66 
78 0.67 
79 0.67 
80 0.67 
81 0.68 
82 0.68 
83 0.69 
84 0.69 
85 0.69 
86 0.70 
87 0.70 
88 0.70 
89 0.70 
90 0.71 
91 0.71 
92 0.71 
93 0.71 
94 0.72 
95 0.72 
96 0.72 
97 0.72 
98 0.73 
99 0.73 
100 0.73 
101 0.73 
102 0.73 
103 0.74 
104 0.74 
105 0.74 
106 0.74 
107 0.75 
108 0.75 
109 0.75 
110 0.75 
111 0.75 
112 0.76 
113 0.76 
114 0.76 
115 0.76 
116 0.77 
117 0.77 
118 0.77 
119 0.77 
120 0.77 
121 0.78 
122 0.77 
123 0.77 
124 0.77 
125 0.77 
126 0.78 
127 0.78 
128 0.78 
129 0.77 
130 0.76 
131 0.75 
132 0.75 
133 0.75 
134 0.75 
135 0.75 
136 0.75 
137 0.76 
138 0.76 
139 0.76 
140 0.76 
141 0.76 
142 0.76 
143 0.76 
144 0.77 
145 0.77 
146 0.77 
147 0.77 
148 0.77 
149 0.77 
150 0.77 
151 0.77 
152 0.77 
153 0.77 
154 0.78 
155 0.78 
156 0.78 
157 0.78 
158 0.78 
159 0.78 
160 0.78 
161 0.78 
162 0.78 
163 0.79 
164 0.79 
165 0.79 
166 0.79 
167 0.79 
168 0.79 
169 0.79 
170 0.79 
171 0.80 
172 0.80 
173 0.80 
174 0.80 
175 0.80 
176 0.80 
177 0.80 
178 0.80 
179 0.81 
180 0.81 
181 0.81 
182 0.80 
183 0.80 
184 0.80 
185 0.80 
186 0.80 
187 0.80 
188 0.81 
189 0.81 
190 0.81 
191 0.81 
192 0.81 
193 0.81 
194 0.80 
195 0.79 
196 0.79 
197 0.79 
198 0.79 
199 0.79 
200 0.79 
201 0.79 
202 0.79 
203 0.78 
204 0.78 
205 0.77 
206 0.76 
207 0.76 
208 0.76 
209 0.77 
210 0.77 
211 0.77 
212 0.77 
213 0.77 
214 0.77 
215 0.77 
216 0.77 
217 0.77 
218 0.78 
219 0.78 
220 0.78 
221 0.78 
222 0.78 
223 0.78 
224 0.78 
225 0.78 
226 0.78 
227 0.78 
228 0.79 
229 0.79 
230 0.79 
231 0.79 
232 0.79 
233 0.79 
234 0.79 
235 0.79 
236 0.78 
237 0.78 
238 0.78 
239 0.78 
240 0.77 
241 0.77 
242 0.76 
243 0.75 
244 0.75 
245 0.75 
246 0.75 
247 0.75 
248 0.75 
249 0.75 
250 0.75 
251 0.75 
252 0.75 
253 0.75 
254 0.76 
255 0.76 
256 0.76 
257 0.76 
258 0.76 
259 0.76 
260 0.76 
261 0.76 
262 0.76 
263 0.76 
264 0.76 
265 0.76 
266 0.76 
267 0.75 
268 0.75 
269 0.75 
270 0.75 
271 0.76 
272 0.76 
273 0.76 
274 0.76 
275 0.75 
276 0.75 
277 0.75 
278 0.75 
279 0.75 
280 0.75 
281 0.75 
282 0.75 
283 0.74 
284 0.74 
285 0.73 
286 0.73 
287 0.73 
288 0.74 
289 0.74 
290 0.74 
291 0.74 
292 0.74 
293 0.74 
294 0.74 
295 0.74 
296 0.74 
297 0.74 
298 0.74 
299 0.74 
300 0.75 
301 0.75 
302 0.75 
303 0.75 
304 0.75 
305 0.75 
306 0.75 
307 0.75 
308 0.75 
309 0.75 
310 0.75 
311 0.75 
312 0.75 
313 0.76 
314 0.76 
315 0.76 
316 0.76 
317 0.76 
318 0.76 
319 0.76 
320 0.76 
321 0.76 
322 0.76 
323 0.75 
324 0.75 
325 0.74 
326 0.74 
327 0.73 
328 0.73 
329 0.73 
330 0.72 
331 0.72 
332 0.72 
333 0.72 
334 0.72 
335 0.71 
336 0.71 
337 0.70 
338 0.70 
339 0.70 
340 0.70 
341 0.70 
342 0.70 
343 0.70 
344 0.70 
345 0.69 
346 0.69 
347 0.68 
348 0.68 
349 0.68 
350 0.68 
351 0.68 
352 0.68 
353 0.68 
354 0.68 
355 0.68 
356 0.68 
357 0.67 
358 0.67 
359 0.67 
360 0.67 
361 0.68 
362 0.68 
363 0.68 
364 0.68 
365 0.68 
366 0.68 
367 0.68 
368 0.68 
369 0.68 
370 0.68 
371 0.68 
372 0.68 
373 0.68 
374 0.68 
375 0.68 
376 0.69 
377 0.69 
378 0.69 
379 0.69 
380 0.69 
381 0.69 
382 0.69 
383 0.69 
384 0.69 
385 0.69 
386 0.69 
387 0.69 
388 0.69 
389 0.69 
390 0.69 
391 0.69 
392 0.69 
393 0.70 
394 0.70 
395 0.70 
396 0.69 
397 0.69 
398 0.69 
399 0.68 
400 0.68 
401 0.68 
402 0.68 
403 0.68 
404 0.68 
405 0.67 
406 0.67 
407 0.67 
408 0.67 
409 0.67 
410 0.67 
411 0.67 
412 0.67 
413 0.67 
414 0.68 
415 0.68 
416 0.68 
417 0.68 
418 0.68 
419 0.68 
420 0.68 
421 0.68 
422 0.68 
423 0.68 
424 0.68 
425 0.68 
426 0.68 
427 0.68 
428 0.68 
429 0.68 
430 0.68 
431 0.68 
432 0.68 
433 0.68 
434 0.69 
435 0.69 
436 0.69 
437 0.69 
438 0.69 
439 0.69 
440 0.69 
441 0.69 
442 0.69 
443 0.69 
444 0.69 
445 0.69 
446 0.69 
447 0.69 
448 0.69 
449 0.69 
450 0.69 
451 0.69 
452 0.70 
453 0.70 
454 0.70 
455 0.70 
456 0.70 
457 0.70 
458 0.70 
459 0.70 
460 0.70 
461 0.70 
462 0.70 
463 0.70 
464 0.70 
465 0.70 
466 0.70 
467 0.70 
468 0.70 
469 0.69 
470 0.69 
471 0.69 
472 0.69 
473 0.68 
474 0.68 
475 0.68 
476 0.68 
477 0.68 
478 0.67 
479 0.67 
480 0.67 
481 0.68 
482 0.68 
483 0.68 
484 0.68 
485 0.68 
486 0.68 
487 0.68 
488 0.68 
489 0.68 
490 0.68 
491 0.68 
492 0.68 
493 0.68 
494 0.68 
495 0.68 
496 0.68 
497 0.68 
498 0.68 
499 0.68 
500 0.68 
501 0.68 
502 0.68 
503 0.68 
504 0.68 
505 0.68 
506 0.68 
507 0.68 
508 0.68 
509 0.69 
510 0.68 
511 0.68 
512 0.68 
513 0.68 
514 0.67 
515 0.67 
516 0.67 
517 0.67 
518 0.67 
519 0.67 
520 0.67 
521 0.67 
522 0.67 
523 0.66 
524 0.66 
525 0.66 
526 0.67 
527 0.67 
528 0.67 
529 0.66 
530 0.66 
531 0.66 
532 0.66 
533 0.66 
534 0.66 
535 0.66 
536 0.66 
537 0.65 
538 0.66 
539 0.66 
540 0.66 
541 0.66 
542 0.66 
543 0.66 
544 0.66 
545 0.66 
546 0.66 
547 0.66 
548 0.66 
549 0.66 
550 0.66 
551 0.66 
552 0.66 
553 0.66 
554 0.66 
555 0.66 
556 0.66 
557 0.66 
558 0.66 
559 0.66 
560 0.66 
561 0.66 
562 0.66 
563 0.66 
564 0.66 
565 0.66 
566 0.66 
567 0.66 
568 0.66 
569 0.66 
570 0.67 
571 0.66 
572 0.66 
573 0.66 
574 0.66 
575 0.67 
576 0.67 
577 0.67 
578 0.67 
579 0.67 
580 0.67 
581 0.67 
582 0.67 
583 0.67 
584 0.67 
585 0.67 
586 0.67 
587 0.67 
588 0.67 
589 0.67 
590 0.67 
591 0.67 
592 0.67 
593 0.67 
594 0.67 
595 0.67 
596 0.67 
597 0.67 
598 0.67 
599 0.68 
600 0.68 
601 0.68 
602 0.68 
603 0.68 
604 0.68 
605 0.68 
606 0.67 
607 0.68 
608 0.68 
609 0.68 
610 0.68 
611 0.68 
612 0.68 
613 0.68 
614 0.68 
615 0.68 
616 0.68 
617 0.68 
618 0.68 
619 0.68 
620 0.68 
621 0.68 
622 0.68 
623 0.68 
624 0.68 
625 0.68 
626 0.68 
627 0.68 
628 0.68 
629 0.69 
630 0.68 
631 0.68 
632 0.68 
633 0.68 
634 0.68 
635 0.67 
636 0.67 
637 0.67 
638 0.67 
639 0.68 
640 0.68 
641 0.68 
642 0.68 
643 0.68 
644 0.68 
645 0.67 
646 0.67 
647 0.67 
648 0.67 
649 0.67 
650 0.67 
651 0.67 
652 0.67 
653 0.67 
654 0.67 
655 0.67 
656 0.67 
657 0.67 
658 0.67 
659 0.67 
660 0.67 
661 0.67 
662 0.67 
663 0.67 
664 0.67 
665 0.67 
666 0.67 
667 0.67 
668 0.67 
669 0.67 
670 0.67 
671 0.67 
672 0.67 
673 0.67 
674 0.67 
675 0.67 
676 0.68 
677 0.68 
678 0.68 
679 0.68 
680 0.68 
681 0.68 
682 0.68 
683 0.68 
684 0.68 
685 0.68 
686 0.68 
687 0.68 
688 0.68 
689 0.68 
690 0.68 
691 0.68 
692 0.68 
693 0.68 
694 0.68 
695 0.68 
696 0.68 
697 0.68 
698 0.68 
699 0.68 
700 0.69 
701 0.69 
702 0.69 
703 0.69 
704 0.69 
705 0.69 
706 0.69 
707 0.69 
708 0.69 
709 0.69 
710 0.69 
711 0.69 
712 0.69 
713 0.68 
714 0.68 
715 0.68 
716 0.68 
717 0.68 
718 0.68 
719 0.68 
720 0.68 
721 0.68 
722 0.68 
723 0.68 
724 0.68 
725 0.68 
726 0.68 
727 0.68 
728 0.68 
729 0.68 
730 0.68 
731 0.68 
732 0.68 
733 0.68 
734 0.68 
735 0.68 
736 0.68 
737 0.68 
738 0.68 
739 0.68 
740 0.68 
741 0.68 
742 0.68 
743 0.68 
744 0.69 
745 0.69 
746 0.69 
747 0.69 
748 0.69 
749 0.69 
750 0.69 
751 0.69 
752 0.69 
753 0.69 
754 0.69 
755 0.69 
756 0.69 
757 0.69 
758 0.69 
759 0.69 
760 0.69 
761 0.69 
762 0.69 
763 0.69 
764 0.69 
765 0.69 
766 0.69 
767 0.69 
768 0.69 
769 0.69 
770 0.70 
771 0.70 
772 0.69 
773 0.69 
774 0.69 
775 0.69 
776 0.69 
777 0.69 
778 0.69 
779 0.69 
780 0.69 
781 0.69 
782 0.69 
783 0.69 
784 0.69 
785 0.69 
786 0.69 
787 0.69 
788 0.69 
789 0.69 
790 0.69 
791 0.69 
792 0.69 
793 0.68 
794 0.68 
795 0.68 
796 0.68 
797 0.69 
798 0.69 
799 0.69 
800 0.69 
801 0.69 
802 0.69 
803 0.69 
804 0.69 
805 0.69 
806 0.69 
807 0.69 
808 0.69 
809 0.69 
810 0.69 
811 0.69 
812 0.69 
813 0.69 
814 0.69 
815 0.69 
816 0.69 
817 0.69 
818 0.69 
819 0.69 
820 0.69 
821 0.69 
822 0.69 
823 0.69 
824 0.69 
825 0.69 
826 0.69 
827 0.69 
828 0.69 
829 0.69 
830 0.69 
831 0.69 
832 0.69 
833 0.70 
834 0.70 
835 0.70 
836 0.70 
837 0.70 
838 0.70 
839 0.70 
840 0.70 
841 0.70 
842 0.70 
843 0.70 
844 0.70 
845 0.70 
846 0.70 
847 0.70 
848 0.70 
849 0.70 
850 0.70 
851 0.70 
852 0.70 
853 0.70 
854 0.70 
855 0.70 
856 0.70 
857 0.70 
858 0.70 
859 0.70 
860 0.70 
861 0.70 
862 0.70 
863 0.70 
864 0.70 
865 0.70 
866 0.70 
867 0.70 
868 0.70 
869 0.70 
870 0.70 
871 0.70 
872 0.70 
873 0.70 
874 0.70 
875 0.70 
876 0.70 
877 0.70 
878 0.70 
879 0.69 
880 0.69 
881 0.69 
882 0.69 
883 0.69 
884 0.69 
885 0.69 
886 0.69 
887 0.69 
888 0.69 
889 0.69 
890 0.69 
891 0.69 
892 0.69 
893 0.69 
894 0.68 
895 0.68 
896 0.68 
897 0.68 
898 0.68 
899 0.68 
900 0.68 
901 0.68 
902 0.68 
903 0.68 
904 0.68 
905 0.68 
906 0.68 
907 0.68 
908 0.69 
909 0.69 
910 0.69 
911 0.69 
912 0.69 
913 0.69 
914 0.69 
915 0.69 
916 0.69 
917 0.69 
918 0.69 
919 0.69 
920 0.69 
921 0.69 
922 0.69 
923 0.69 
924 0.69 
925 0.69 
926 0.69 
927 0.69 
928 0.69 
929 0.69 
930 0.69 
931 0.69 
932 0.69 
933 0.69 
934 0.69 
935 0.69 
936 0.69 
937 0.69 
938 0.69 
939 0.69 
940 0.69 
941 0.69 
942 0.69 
943 0.69 
944 0.69 
945 0.69 
946 0.69 
947 0.69 
948 0.69 
949 0.69 
950 0.69 
951 0.69 
952 0.69 
953 0.69 
954 0.69 
955 0.69 
956 0.69 
957 0.69 
958 0.69 
959 0.69 
960 0.69 
961 0.69 
962 0.69 
963 0.69 
964 0.69 
965 0.69 
966 0.69 
967 0.69 
968 0.69 
969 0.69 
970 0.69 
971 0.69 
972 0.69 
973 0.69 
974 0.69 
975 0.69 
976 0.69 
977 0.69 
978 0.69 
979 0.69 
980 0.69 
981 0.69 
982 0.69 
983 0.69 
984 0.69 
985 0.69 
986 0.69 
987 0.69 
988 0.69 
989 0.68 
990 0.68 
991 0.68 
992 0.68 
993 0.68 
994 0.68 
995 0.68 
996 0.68 
997 0.67 
998 0.67 
999 0.67 
1000 0.67 
1001 0.67 
1002 0.67 
1003 0.67 
1004 0.67 
1005 0.66 
1006 0.66 
1007 0.66 
1008 0.66 
1009 0.66 
1010 0.66 
1011 0.66 
1012 0.66 
1013 0.65 
1014 0.65 
1015 0.65 
1016 0.65 
1017 0.65 
1018 0.65 
1019 0.65 
1020 0.65 
1021 0.65 
1022 0.64 
1023 0.64 
1024 0.64 
1025 0.64 
1026 0.64 
1027 0.64 
1028 0.64 
1029 0.64 
1030 0.64 
1031 0.65 
1032 0.65 
1033 0.65 
1034 0.65 
1035 0.65 
1036 0.65 
1037 0.65 
1038 0.65 
1039 0.65 
1040 0.65 
1041 0.65 
1042 0.65 
1043 0.65 
1044 0.65 
1045 0.65 
1046 0.65 
1047 0.65 
1048 0.65 
1049 0.65 
1050 0.65 
1051 0.65 
1052 0.65 
1053 0.65 
1054 0.65 
1055 0.65 
1056 0.65 
1057 0.65 
1058 0.65 
1059 0.65 
1060 0.65 
1061 0.65 
1062 0.65 
1063 0.65 
1064 0.65 
1065 0.65 
1066 0.65 
1067 0.65 
1068 0.65 
1069 0.65 
1070 0.65 
1071 0.65 
1072 0.65 
1073 0.66 
1074 0.66 
1075 0.66 
1076 0.66 
1077 0.65 
1078 0.66 
1079 0.65 
1080 0.65 
1081 0.65 
1082 0.65 
1083 0.65 
1084 0.65 
1085 0.65 
1086 0.65 
1087 0.65 
1088 0.65 
1089 0.65 
1090 0.65 
1091 0.65 
1092 0.65 
1093 0.65 
1094 0.65 
1095 0.65 
1096 0.65 
1097 0.64 
1098 0.64 
1099 0.64 
1100 0.64 
1101 0.64 
1102 0.64 
1103 0.64 
1104 0.64 
1105 0.64 
1106 0.64 
1107 0.64 
1108 0.64 
1109 0.64 
1110 0.64 
1111 0.64 
1112 0.64 
1113 0.64 
1114 0.64 
1115 0.64 
1116 0.64 
1117 0.64 
1118 0.64 
1119 0.64 
1120 0.64 
1121 0.64 
1122 0.64 
1123 0.64 
1124 0.64 
1125 0.64 
1126 0.64 
1127 0.64 
1128 0.64 
1129 0.64 
1130 0.64 
1131 0.64 
1132 0.64 
1133 0.64 
1134 0.64 
1135 0.64 
1136 0.64 
1137 0.64 
1138 0.64 
1139 0.64 
1140 0.64 
1141 0.64 
1142 0.64 
1143 0.64 
1144 0.64 
1145 0.65 
1146 0.65 
1147 0.65 
1148 0.65 
1149 0.65 
1150 0.65 
1151 0.65 
1152 0.65 
1153 0.65 
1154 0.65 
1155 0.65 
1156 0.65 
1157 0.65 
1158 0.65 
1159 0.65 
1160 0.65 
1161 0.65 
1162 0.65 
1163 0.65 
1164 0.65 
1165 0.65 
1166 0.65 
1167 0.65 
1168 0.65 
1169 0.65 
1170 0.65 
1171 0.64 
1172 0.64 
1173 0.64 
1174 0.64 
1175 0.64 
1176 0.64 
1177 0.64 
1178 0.64 
1179 0.64 
1180 0.64 
1181 0.64 
1182 0.64 
1183 0.64 
1184 0.64 
1185 0.64 
1186 0.64 
1187 0.64 
1188 0.64 
1189 0.64 
1190 0.64 
1191 0.64 
1192 0.64 
1193 0.64 
1194 0.64 
1195 0.64 
1196 0.64 
1197 0.64 
1198 0.64 
1199 0.64 
1200 0.64 
1201 0.64 
1202 0.64 
1203 0.63 
1204 0.63 
1205 0.63 
1206 0.63 
1207 0.63 
1208 0.63 
1209 0.63 
1210 0.63 
1211 0.63 
1212 0.63 
1213 0.63 
1214 0.63 
1215 0.63 
1216 0.63 
1217 0.63 
1218 0.63 
1219 0.63 
1220 0.63 
1221 0.63 
1222 0.63 
1223 0.63 
1224 0.63 
1225 0.63 
1226 0.63 
1227 0.63 
1228 0.63 
1229 0.63 
1230 0.63 
1231 0.63 
1232 0.63 
1233 0.63 
1234 0.63 
1235 0.63 
1236 0.63 
1237 0.63 
1238 0.62 
1239 0.62 
1240 0.62 
1241 0.62 
1242 0.62 
1243 0.62 
1244 0.62 
1245 0.62 
1246 0.62 
1247 0.62 
1248 0.62 
1249 0.62 
1250 0.62 
1251 0.62 
1252 0.62 
1253 0.62 
1254 0.62 
1255 0.62 
1256 0.62 
1257 0.61 
1258 0.61 
1259 0.61 
1260 0.61 
1261 0.61 
1262 0.61 
1263 0.61 
1264 0.61 
1265 0.61 
1266 0.61 
1267 0.61 
1268 0.61 
1269 0.62 
1270 0.62 
1271 0.62 
1272 0.62 
1273 0.62 
1274 0.62 
1275 0.62 
1276 0.62 
1277 0.62 
1278 0.61 
1279 0.61 
1280 0.61 
1281 0.61 
1282 0.61 
1283 0.61 
1284 0.61 
1285 0.61 
1286 0.61 
1287 0.61 
1288 0.61 
1289 0.61 
1290 0.61 
1291 0.61 
1292 0.61 
1293 0.61 
1294 0.61 
1295 0.61 
1296 0.61 
1297 0.61 
1298 0.61 
1299 0.61 
1300 0.61 
1301 0.61 
1302 0.61 
1303 0.61 
1304 0.61 
1305 0.62 
1306 0.62 
1307 0.62 
1308 0.62 
1309 0.62 
1310 0.62 
1311 0.62 
1312 0.62 
1313 0.62 
1314 0.62 
1315 0.62 
1316 0.62 
1317 0.62 
1318 0.62 
1319 0.61 
1320 0.62 
1321 0.62 
1322 0.62 
1323 0.62 
1324 0.62 
1325 0.62 
1326 0.62 
1327 0.62 
1328 0.62 
1329 0.62 
1330 0.62 
1331 0.62 
1332 0.62 
1333 0.62 
1334 0.62 
1335 0.62 
1336 0.62 
1337 0.62 
1338 0.62 
1339 0.62 
1340 0.62 
1341 0.62 
1342 0.62 
1343 0.62 
1344 0.62 
1345 0.62 
1346 0.62 
1347 0.62 
1348 0.62 
1349 0.62 
1350 0.62 
1351 0.62 
1352 0.62 
1353 0.62 
1354 0.62 
1355 0.62 
1356 0.62 
1357 0.62 
1358 0.62 
1359 0.62 
1360 0.62 
1361 0.62 
1362 0.62 
1363 0.61 
1364 0.61 
1365 0.62 
1366 0.62 
1367 0.62 
1368 0.62 
1369 0.62 
1370 0.61 
1371 0.61 
1372 0.61 
1373 0.61 
1374 0.61 
1375 0.61 
1376 0.61 
1377 0.61 
1378 0.61 
1379 0.61 
1380 0.61 
1381 0.62 
1382 0.62 
1383 0.62 
1384 0.62 
1385 0.62 
1386 0.62 
1387 0.62 
1388 0.62 
1389 0.62 
1390 0.62 
1391 0.62 
1392 0.62 
1393 0.62 
1394 0.62 
1395 0.62 
1396 0.62 
1397 0.62 
1398 0.62 
1399 0.62 
1400 0.62 
1401 0.62 
1402 0.62 
1403 0.62 
1404 0.62 
1405 0.62 
1406 0.62 
1407 0.62 
1408 0.62 
1409 0.62 
1410 0.62 
1411 0.62 
1412 0.62 
1413 0.62 
1414 0.62 
1415 0.62 
1416 0.62 
1417 0.62 
1418 0.62 
1419 0.62 
1420 0.62 
1421 0.62 
1422 0.62 
1423 0.62 
1424 0.62 
1425 0.62 
1426 0.62 
1427 0.62 
1428 0.62 
1429 0.62 
1430 0.62 
1431 0.62 
1432 0.62 
1433 0.62 
1434 0.62 
1435 0.62 
1436 0.62 
1437 0.62 
1438 0.62 
1439 0.62 
1440 0.62 
1441 0.62 
1442 0.62 
1443 0.62 
1444 0.62 
1445 0.62 
1446 0.62 
1447 0.62 
1448 0.62 
1449 0.62 
1450 0.62 
1451 0.62 
1452 0.62 
1453 0.62 
1454 0.62 
1455 0.62 
1456 0.62 
1457 0.62 
1458 0.62 
1459 0.62 
1460 0.62 
1461 0.62 
1462 0.62 
1463 0.62 
1464 0.62 
1465 0.62 
1466 0.62 
1467 0.62 
1468 0.62 
1469 0.62 
1470 0.62 
1471 0.62 
1472 0.62 
1473 0.62 
1474 0.62 
1475 0.63 
1476 0.63 
1477 0.63 
1478 0.63 
1479 0.63 
1480 0.63 
1481 0.63 
1482 0.63 
1483 0.63 
1484 0.63 
1485 0.63 
1486 0.63 
1487 0.63 
1488 0.63 
1489 0.63 
1490 0.63 
1491 0.63 
1492 0.63 
1493 0.63 
1494 0.63 
1495 0.63 
1496 0.63 
1497 0.63 
1498 0.63 
1499 0.63 
1500 0.63 
1501 0.63 
1502 0.63 
1503 0.63 
1504 0.63 
1505 0.63 
1506 0.63 
1507 0.63 
1508 0.63 
1509 0.63 
1510 0.63 
1511 0.63 
1512 0.63 
1513 0.63 
1514 0.63 
1515 0.63 
1516 0.63 
1517 0.63 
1518 0.63 
1519 0.63 
1520 0.63 
1521 0.63 
1522 0.63 
1523 0.63 
1524 0.63 
1525 0.63 
1526 0.63 
1527 0.63 
1528 0.63 
1529 0.63 
1530 0.63 
1531 0.63 
1532 0.63 
1533 0.63 
1534 0.63 
1535 0.63 
1536 0.63 
1537 0.63 
1538 0.63 
1539 0.63 
1540 0.63 
1541 0.63 
1542 0.63 
1543 0.63 
1544 0.63 
1545 0.63 
1546 0.63 
1547 0.63 
1548 0.63 
1549 0.63 
1550 0.63 
1551 0.63 
1552 0.63 
1553 0.63 
1554 0.63 
1555 0.63 
1556 0.63 
1557 0.63 
1558 0.63 
1559 0.63 
1560 0.63 
1561 0.63 
1562 0.63 
1563 0.63 
1564 0.63 
1565 0.63 
1566 0.63 
1567 0.63 
1568 0.63 
1569 0.63 
1570 0.63 
1571 0.63 
1572 0.64 
1573 0.64 
1574 0.64 
1575 0.64 
1576 0.64 
1577 0.64 
1578 0.64 
1579 0.64 
1580 0.64 
1581 0.64 
1582 0.64 
1583 0.64 
1584 0.64 
1585 0.64 
1586 0.64 
1587 0.64 
1588 0.64 
1589 0.64 
1590 0.64 
1591 0.64 
1592 0.64 
1593 0.64 
1594 0.64 
1595 0.64 
1596 0.64 
1597 0.64 
1598 0.64 
1599 0.64 
1600 0.64 
1601 0.64 
1602 0.64 
1603 0.64 
1604 0.64 
1605 0.64 
1606 0.64 
1607 0.64 
1608 0.64 
1609 0.64 
1610 0.64 
1611 0.64 
1612 0.64 
1613 0.64 
1614 0.64 
1615 0.64 
1616 0.64 
1617 0.64 
1618 0.64 
1619 0.64 
1620 0.64 
1621 0.64 
1622 0.64 
1623 0.64 
1624 0.64 
1625 0.64 
1626 0.64 
1627 0.64 
1628 0.64 
1629 0.64 
1630 0.64 
1631 0.64 
1632 0.64 
1633 0.64 
1634 0.64 
1635 0.64 
1636 0.64 
1637 0.64 
1638 0.64 
1639 0.64 
1640 0.64 
1641 0.64 
1642 0.64 
1643 0.64 
1644 0.64 
1645 0.64 
1646 0.64 
1647 0.64 
1648 0.64 
1649 0.64 
1650 0.64 
1651 0.64 
1652 0.64 
1653 0.64 
1654 0.64 
1655 0.64 
1656 0.64 
1657 0.64 
1658 0.64 
1659 0.65 
1660 0.65 
1661 0.65 
1662 0.65 
1663 0.65 
1664 0.65 
1665 0.65 
1666 0.65 
1667 0.65 
1668 0.65 
1669 0.65 
1670 0.65 
1671 0.65 
1672 0.65 
1673 0.65 
1674 0.65 
1675 0.65 
1676 0.65 
1677 0.65 
1678 0.65 
1679 0.65 
1680 0.65 
1681 0.65 
1682 0.65 
1683 0.65 
1684 0.65 
1685 0.65 
1686 0.65 
1687 0.65 
1688 0.65 
1689 0.65 
1690 0.65 
1691 0.65 
1692 0.65 
1693 0.65 
1694 0.65 
1695 0.65 
1696 0.65 
1697 0.65 
1698 0.65 
1699 0.65 
1700 0.65 
1701 0.65 
1702 0.65 
1703 0.65 
1704 0.65 
1705 0.65 
1706 0.65 
1707 0.65 
1708 0.65 
1709 0.65 
1710 0.65 
1711 0.65 
1712 0.65 
1713 0.65 
1714 0.65 
1715 0.65 
1716 0.65 
1717 0.65 
1718 0.65 
1719 0.65 
1720 0.65 
1721 0.65 
1722 0.65 
1723 0.65 
1724 0.65 
1725 0.65 
1726 0.65 
1727 0.65 
1728 0.65 
1729 0.65 
1730 0.65 
1731 0.65 
1732 0.65 
1733 0.65 
1734 0.65 
1735 0.65 
1736 0.65 
1737 0.65 
1738 0.65 
1739 0.66 
1740 0.66 
1741 0.66 
1742 0.66 
1743 0.66 
1744 0.66 
1745 0.66 
1746 0.66 
1747 0.66 
1748 0.66 
1749 0.66 
1750 0.66 
1751 0.66 
1752 0.66 
1753 0.66 
1754 0.66 
1755 0.66 
1756 0.66 
1757 0.66 
1758 0.66 
1759 0.66 
1760 0.66 
1761 0.66 
1762 0.66 
1763 0.66 
1764 0.66 
1765 0.66 
1766 0.66 
1767 0.66 
1768 0.66 
1769 0.66 
1770 0.66 
1771 0.66 
1772 0.66 
1773 0.66 
1774 0.66 
1775 0.66 
1776 0.66 
1777 0.66 
1778 0.66 
1779 0.66 
1780 0.66 
1781 0.66 
1782 0.66 
1783 0.66 
1784 0.66 
1785 0.66 
1786 0.66 
1787 0.66 
1788 0.66 
1789 0.66 
1790 0.66 
1791 0.66 
1792 0.66 
1793 0.66 
1794 0.66 
1795 0.66 
1796 0.66 
1797 0.66 
1798 0.66 
1799 0.66 
1800 0.66 
1801 0.66 
1802 0.66 
1803 0.65 
1804 0.65 
1805 0.65 
1806 0.65 
1807 0.65 
1808 0.65 
1809 0.65 
1810 0.65 
1811 0.65 
1812 0.65 
1813 0.65 
1814 0.65 
1815 0.65 
1816 0.65 
1817 0.65 
1818 0.65 
1819 0.65 
1820 0.65 
1821 0.65 
1822 0.65 
1823 0.65 
1824 0.65 
1825 0.65 
1826 0.65 
1827 0.65 
1828 0.65 
1829 0.65 
1830 0.65 
1831 0.65 
1832 0.64 
1833 0.64 
1834 0.64 
1835 0.64 
1836 0.64 
1837 0.64 
1838 0.64 
1839 0.64 
1840 0.64 
1841 0.64 
1842 0.64 
1843 0.64 
1844 0.64 
1845 0.64 
1846 0.64 
1847 0.64 
1848 0.64 
1849 0.64 
1850 0.64 
1851 0.64 
1852 0.64 
1853 0.64 
1854 0.64 
1855 0.64 
1856 0.64 
1857 0.64 
1858 0.64 
1859 0.64 
1860 0.64 
1861 0.64 
1862 0.64 
1863 0.64 
1864 0.64 
1865 0.64 
1866 0.64 
1867 0.64 
1868 0.64 
1869 0.64 
1870 0.64 
1871 0.64 
1872 0.64 
1873 0.64 
1874 0.64 
1875 0.64 
1876 0.64 
1877 0.64 
1878 0.64 
1879 0.64 
1880 0.64 
1881 0.64 
1882 0.64 
1883 0.64 
1884 0.64 
1885 0.64 
1886 0.64 
1887 0.64 
1888 0.64 
1889 0.64 
1890 0.64 
1891 0.64 
1892 0.64 
1893 0.64 
1894 0.64 
1895 0.64 
1896 0.64 
1897 0.64 
1898 0.64 
1899 0.64 
1900 0.64 
1901 0.64 
1902 0.64 
1903 0.64 
1904 0.64 
1905 0.64 
1906 0.64 
1907 0.64 
1908 0.64 
1909 0.64 
1910 0.64 
1911 0.64 
1912 0.64 
1913 0.64 
1914 0.64 
1915 0.64 
1916 0.64 
1917 0.64 
1918 0.64 
1919 0.64 
1920 0.64 
1921 0.64 
1922 0.64 
1923 0.64 
1924 0.64 
1925 0.64 
1926 0.64 
1927 0.64 
1928 0.64 
1929 0.64 
1930 0.64 
1931 0.64 
1932 0.64 
1933 0.64 
1934 0.64 
1935 0.64 
1936 0.64 
1937 0.64 
1938 0.64 
1939 0.64 
1940 0.64 
1941 0.64 
1942 0.64 
1943 0.64 
1944 0.64 
1945 0.64 
1946 0.64 
1947 0.64 
1948 0.64 
1949 0.64 
1950 0.64 
1951 0.64 
1952 0.63 
1953 0.63 
1954 0.63 
1955 0.63 
1956 0.63 
1957 0.63 
1958 0.63 
1959 0.63 
1960 0.63 
1961 0.63 
1962 0.63 
1963 0.63 
1964 0.63 
1965 0.63 
1966 0.63 
1967 0.63 
1968 0.63 
1969 0.63 
1970 0.62 
1971 0.63 
1972 0.63 
1973 0.63 
1974 0.63 
1975 0.63 
1976 0.63 
1977 0.62 
1978 0.62 
1979 0.62 
1980 0.62 
1981 0.62 
1982 0.62 
1983 0.62 
1984 0.62 
1985 0.62 
1986 0.62 
1987 0.62 
1988 0.62 
1989 0.62 
1990 0.62 
1991 0.62 
1992 0.62 
1993 0.62 
1994 0.62 
1995 0.62 
1996 0.62 
1997 0.62 
1998 0.62 
1999 0.62 
2000 0.62 
2001 0.62 
2002 0.62 
2003 0.62 
2004 0.62 
2005 0.62 
2006 0.62 
2007 0.62 
2008 0.62 
2009 0.61 
2010 0.61 
2011 0.61 
2012 0.61 
2013 0.61 
2014 0.61 
2015 0.61 
2016 0.61 
2017 0.61 
2018 0.61 
2019 0.61 
2020 0.61 
2021 0.61 
2022 0.61 
2023 0.61 
2024 0.61 
2025 0.61 
2026 0.61 
2027 0.61 
2028 0.61 
2029 0.61 
2030 0.61 
2031 0.61 
2032 0.61 
2033 0.61 
2034 0.61 
2035 0.61 
2036 0.61 
2037 0.61 
2038 0.61 
2039 0.61 
2040 0.61 
2041 0.61 
2042 0.61 
2043 0.61 
2044 0.61 
2045 0.61 
2046 0.61 
2047 0.61 
2048 0.61 
2049 0.61 
2050 0.61 
2051 0.61 
2052 0.61 
2053 0.61 
2054 0.61 
2055 0.61 
2056 0.61 
2057 0.61 
2058 0.61 
2059 0.61 
2060 0.61 
2061 0.61 
2062 0.61 
2063 0.60 
2064 0.60 
2065 0.60 
2066 0.60 
2067 0.60 
2068 0.60 
2069 0.60 
2070 0.60 
2071 0.60 
2072 0.60 
2073 0.60 
2074 0.60 
2075 0.60 
2076 0.60 
2077 0.60 
2078 0.60 
2079 0.60 
2080 0.60 
2081 0.60 
2082 0.60 
2083 0.60 
2084 0.60 
2085 0.60 
2086 0.60 
2087 0.60 
2088 0.60 
2089 0.60 
2090 0.60 
2091 0.60 
2092 0.60 
2093 0.60 
2094 0.59 
2095 0.59 
2096 0.59 
2097 0.59 
2098 0.59 
2099 0.59 
2100 0.59 
2101 0.59 
2102 0.59 
2103 0.59 
2104 0.59 
2105 0.59 
2106 0.59 
2107 0.59 
2108 0.59 
2109 0.59 
2110 0.59 
2111 0.59 
2112 0.59 
2113 0.59 
2114 0.59 
2115 0.59 
2116 0.59 
2117 0.59 
2118 0.59 
2119 0.59 
2120 0.59 
2121 0.59 
2122 0.59 
2123 0.59 
2124 0.59 
2125 0.59 
2126 0.59 
2127 0.59 
2128 0.59 
2129 0.59 
2130 0.59 
2131 0.59 
2132 0.59 
2133 0.60 
2134 0.60 
2135 0.60 
2136 0.60 
2137 0.60 
2138 0.60 
2139 0.60 
2140 0.60 
2141 0.60 
2142 0.60 
2143 0.60 
2144 0.60 
2145 0.60 
2146 0.60 
2147 0.60 
2148 0.59 
2149 0.59 
2150 0.59 
2151 0.59 
2152 0.59 
2153 0.59 
2154 0.59 
2155 0.59 
2156 0.59 
2157 0.59 
2158 0.59 
2159 0.59 
2160 0.59 
2161 0.59 
2162 0.59 
2163 0.59 
2164 0.59 
2165 0.59 
2166 0.59 
2167 0.59 
2168 0.59 
2169 0.59 
2170 0.58 
2171 0.58 
2172 0.58 
2173 0.58 
2174 0.58 
2175 0.58 
2176 0.58 
2177 0.58 
2178 0.58 
2179 0.58 
2180 0.58 
2181 0.58 
2182 0.58 
2183 0.58 
2184 0.58 
2185 0.58 
2186 0.58 
2187 0.58 
2188 0.58 
2189 0.58 
2190 0.58 
2191 0.58 
2192 0.58 
2193 0.58 
2194 0.58 
2195 0.57 
2196 0.57 
2197 0.57 
2198 0.57 
2199 0.57 
2200 0.57 
2201 0.57 
2202 0.57 
2203 0.57 
2204 0.57 
2205 0.57 
2206 0.57 
2207 0.57 
2208 0.57 
2209 0.57 
2210 0.57 
2211 0.57 
2212 0.57 
2213 0.57 
2214 0.57 
2215 0.57 
2216 0.57 
2217 0.57 
2218 0.57 
2219 0.57 
2220 0.57 
2221 0.57 
2222 0.57 
2223 0.57 
2224 0.57 
2225 0.57 
2226 0.57 
2227 0.57 
2228 0.57 
2229 0.57 
2230 0.57 
2231 0.57 
2232 0.57 
2233 0.57 
2234 0.57 
2235 0.57 
2236 0.57 
2237 0.57 
2238 0.57 
2239 0.57 
2240 0.57 
2241 0.57 
2242 0.57 
2243 0.57 
2244 0.57 
2245 0.57 
2246 0.57 
2247 0.57 
2248 0.57 
2249 0.57 
2250 0.57 
2251 0.57 
2252 0.57 
2253 0.57 
2254 0.57 
2255 0.57 
2256 0.57 
2257 0.57 
2258 0.57 
2259 0.57 
2260 0.57 
2261 0.57 
2262 0.57 
2263 0.57 
2264 0.57 
2265 0.57 
2266 0.57 
2267 0.57 
2268 0.57 
2269 0.57 
2270 0.57 
2271 0.57 
2272 0.57 
2273 0.57 
2274 0.57 
2275 0.57 
2276 0.57 
2277 0.57 
2278 0.57 
2279 0.57 
2280 0.57 
2281 0.57 
2282 0.57 
2283 0.57 
2284 0.57 
2285 0.57 
2286 0.57 
2287 0.57 
2288 0.57 
2289 0.57 
2290 0.57 
2291 0.57 
2292 0.57 
2293 0.57 
2294 0.57 
2295 0.57 
2296 0.57 
2297 0.57 
2298 0.57 
2299 0.57 
2300 0.57 
2301 0.57 
2302 0.57 
2303 0.57 
2304 0.57 
2305 0.57 
2306 0.57 
2307 0.57 
2308 0.57 
2309 0.57 
2310 0.57 
2311 0.57 
2312 0.57 
2313 0.57 
2314 0.57 
2315 0.57 
2316 0.57 
2317 0.57 
2318 0.57 
2319 0.57 
2320 0.57 
2321 0.57 
2322 0.57 
2323 0.57 
2324 0.57 
2325 0.57 
2326 0.57 
2327 0.57 
2328 0.57 
2329 0.57 
2330 0.57 
2331 0.57 
2332 0.57 
2333 0.57 
2334 0.57 
2335 0.57 
2336 0.57 
2337 0.57 
2338 0.57 
2339 0.57 
2340 0.57 
2341 0.57 
2342 0.57 
2343 0.57 
2344 0.57 
2345 0.57 
2346 0.57 
2347 0.57 
2348 0.57 
2349 0.57 
2350 0.57 
2351 0.57 
2352 0.57 
2353 0.57 
2354 0.57 
2355 0.57 
2356 0.57 
2357 0.57 
2358 0.57 
2359 0.57 
2360 0.57 
2361 0.57 
2362 0.57 
2363 0.57 
2364 0.57 
2365 0.57 
2366 0.57 
2367 0.57 
2368 0.57 
2369 0.57 
2370 0.57 
2371 0.57 
2372 0.57 
2373 0.57 
2374 0.57 
2375 0.57 
2376 0.57 
2377 0.57 
2378 0.57 
2379 0.57 
2380 0.57 
2381 0.57 
2382 0.57 
2383 0.57 
2384 0.57 
2385 0.56 
2386 0.56 
2387 0.56 
2388 0.56 
2389 0.56 
2390 0.56 
2391 0.56 
2392 0.56 
2393 0.56 
2394 0.56 
2395 0.56 
2396 0.56 
2397 0.56 
2398 0.56 
2399 0.56 
2400 0.56 
2401 0.56 
2402 0.56 
2403 0.56 
2404 0.56 
2405 0.56 
2406 0.56 
2407 0.56 
2408 0.56 
2409 0.56 
2410 0.56 
2411 0.56 
2412 0.56 
2413 0.56 
2414 0.56 
2415 0.56 
2416 0.56 
2417 0.56 
2418 0.56 
2419 0.56 
2420 0.56 
2421 0.56 
2422 0.56 
2423 0.56 
2424 0.56 
2425 0.56 
2426 0.56 
2427 0.56 
2428 0.56 
2429 0.56 
2430 0.56 
2431 0.56 
2432 0.56 
2433 0.56 
2434 0.56 
2435 0.56 
2436 0.56 
2437 0.56 
2438 0.56 
2439 0.56 
2440 0.56 
2441 0.56 
2442 0.56 
2443 0.56 
2444 0.56 
2445 0.56 
