1 0.47 
2 0.59 
3 0.67 
4 0.72 
5 0.75 
6 0.60 
7 0.51 
8 0.49 
9 0.53 
10 0.52 
11 0.52 
12 0.55 
13 0.53 
14 0.55 
15 0.57 
16 0.59 
17 0.60 
18 0.59 
19 0.57 
20 0.56 
21 0.54 
22 0.56 
23 0.56 
24 0.54 
25 0.56 
26 0.52 
27 0.49 
28 0.50 
29 0.51 
30 0.52 
31 0.52 
32 0.54 
33 0.52 
34 0.52 
35 0.53 
36 0.54 
37 0.51 
38 0.50 
39 0.48 
40 0.47 
41 0.48 
42 0.46 
43 0.47 
44 0.48 
45 0.49 
46 0.50 
47 0.48 
48 0.49 
49 0.50 
50 0.51 
51 0.51 
52 0.52 
53 0.53 
54 0.54 
55 0.54 
56 0.55 
57 0.56 
58 0.56 
59 0.57 
60 0.58 
61 0.58 
62 0.59 
63 0.60 
64 0.60 
65 0.61 
66 0.61 
67 0.62 
68 0.62 
69 0.63 
70 0.64 
71 0.64 
72 0.64 
73 0.65 
74 0.65 
75 0.65 
76 0.66 
77 0.66 
78 0.67 
79 0.67 
80 0.67 
81 0.68 
82 0.68 
83 0.69 
84 0.69 
85 0.69 
86 0.70 
87 0.70 
88 0.70 
89 0.70 
90 0.71 
91 0.71 
92 0.71 
93 0.71 
94 0.72 
95 0.72 
96 0.72 
97 0.72 
98 0.73 
99 0.73 
100 0.73 
101 0.73 
102 0.73 
103 0.74 
104 0.74 
105 0.74 
106 0.74 
107 0.75 
108 0.75 
109 0.75 
110 0.75 
111 0.75 
112 0.76 
113 0.76 
114 0.76 
115 0.76 
116 0.77 
117 0.77 
118 0.77 
119 0.77 
120 0.77 
121 0.78 
122 0.77 
123 0.77 
124 0.77 
125 0.77 
126 0.78 
127 0.78 
128 0.78 
129 0.77 
130 0.76 
131 0.75 
132 0.75 
133 0.75 
134 0.75 
135 0.75 
136 0.75 
137 0.76 
138 0.76 
139 0.76 
140 0.76 
141 0.76 
142 0.76 
143 0.76 
144 0.77 
145 0.77 
146 0.77 
147 0.77 
148 0.77 
149 0.77 
150 0.77 
151 0.77 
152 0.77 
153 0.77 
154 0.78 
155 0.78 
156 0.78 
157 0.78 
158 0.78 
159 0.78 
160 0.78 
161 0.78 
162 0.78 
163 0.79 
164 0.79 
165 0.79 
166 0.79 
167 0.79 
168 0.79 
169 0.79 
170 0.79 
171 0.80 
172 0.80 
173 0.80 
174 0.80 
175 0.80 
176 0.80 
177 0.80 
178 0.80 
179 0.81 
180 0.81 
181 0.81 
182 0.80 
183 0.80 
184 0.80 
185 0.80 
186 0.80 
187 0.80 
188 0.81 
189 0.81 
190 0.81 
191 0.81 
192 0.81 
193 0.81 
194 0.80 
195 0.79 
196 0.79 
197 0.79 
198 0.79 
199 0.79 
200 0.79 
201 0.79 
202 0.79 
203 0.78 
204 0.78 
205 0.77 
206 0.76 
207 0.76 
208 0.76 
209 0.77 
210 0.77 
211 0.77 
212 0.77 
213 0.77 
214 0.77 
215 0.77 
216 0.77 
217 0.77 
218 0.78 
219 0.78 
220 0.78 
221 0.78 
222 0.78 
223 0.78 
224 0.78 
225 0.78 
226 0.78 
227 0.78 
228 0.79 
229 0.79 
230 0.79 
231 0.79 
232 0.79 
233 0.79 
234 0.79 
235 0.79 
236 0.78 
237 0.78 
238 0.78 
239 0.78 
240 0.77 
241 0.77 
242 0.76 
243 0.75 
244 0.75 
245 0.75 
246 0.75 
247 0.75 
248 0.75 
249 0.75 
250 0.75 
251 0.75 
252 0.75 
253 0.75 
254 0.76 
255 0.76 
256 0.76 
257 0.76 
258 0.76 
259 0.76 
260 0.76 
261 0.76 
262 0.76 
263 0.76 
264 0.76 
265 0.76 
266 0.76 
267 0.75 
268 0.75 
269 0.75 
270 0.75 
271 0.76 
272 0.76 
273 0.76 
274 0.76 
275 0.75 
276 0.75 
277 0.75 
278 0.75 
279 0.75 
280 0.75 
281 0.75 
282 0.75 
283 0.74 
284 0.74 
285 0.73 
286 0.73 
287 0.73 
288 0.74 
289 0.74 
290 0.74 
291 0.74 
292 0.74 
293 0.74 
294 0.74 
295 0.74 
296 0.74 
297 0.74 
298 0.74 
299 0.74 
300 0.75 
301 0.75 
302 0.75 
303 0.75 
304 0.75 
305 0.75 
306 0.75 
307 0.75 
308 0.75 
309 0.75 
310 0.75 
311 0.75 
312 0.75 
313 0.76 
314 0.76 
315 0.76 
316 0.76 
317 0.76 
318 0.76 
319 0.76 
320 0.76 
321 0.76 
322 0.76 
323 0.75 
324 0.75 
325 0.74 
326 0.74 
327 0.73 
328 0.73 
329 0.73 
330 0.72 
331 0.72 
332 0.72 
333 0.72 
334 0.72 
335 0.71 
336 0.71 
337 0.70 
338 0.70 
339 0.70 
340 0.70 
341 0.70 
342 0.70 
343 0.70 
344 0.70 
345 0.69 
346 0.69 
347 0.68 
348 0.68 
349 0.68 
350 0.68 
351 0.68 
352 0.68 
353 0.68 
354 0.68 
355 0.68 
356 0.68 
357 0.67 
358 0.67 
359 0.67 
360 0.67 
361 0.68 
362 0.68 
363 0.68 
364 0.68 
365 0.68 
366 0.68 
367 0.68 
368 0.68 
369 0.68 
370 0.68 
371 0.68 
372 0.68 
373 0.68 
374 0.68 
375 0.68 
376 0.69 
377 0.69 
378 0.69 
379 0.69 
380 0.69 
381 0.69 
382 0.69 
383 0.69 
384 0.69 
385 0.69 
386 0.69 
387 0.69 
388 0.69 
389 0.69 
390 0.69 
391 0.69 
392 0.69 
393 0.70 
394 0.70 
395 0.70 
396 0.69 
397 0.69 
398 0.69 
399 0.68 
400 0.68 
401 0.68 
402 0.68 
403 0.68 
404 0.68 
405 0.67 
406 0.67 
407 0.67 
408 0.67 
409 0.67 
410 0.67 
411 0.67 
412 0.67 
413 0.67 
414 0.68 
415 0.68 
416 0.68 
417 0.68 
418 0.68 
419 0.68 
420 0.68 
421 0.68 
422 0.68 
423 0.68 
424 0.68 
425 0.68 
426 0.68 
427 0.68 
428 0.68 
429 0.68 
430 0.68 
431 0.68 
432 0.68 
433 0.68 
434 0.69 
435 0.69 
436 0.69 
437 0.69 
438 0.69 
439 0.69 
440 0.69 
441 0.69 
442 0.69 
443 0.69 
444 0.69 
445 0.69 
446 0.69 
447 0.69 
448 0.69 
449 0.69 
450 0.69 
451 0.69 
452 0.70 
453 0.70 
454 0.70 
455 0.70 
456 0.70 
457 0.70 
458 0.70 
459 0.70 
460 0.70 
461 0.70 
462 0.70 
463 0.70 
464 0.70 
465 0.70 
466 0.70 
467 0.70 
468 0.70 
469 0.69 
470 0.69 
471 0.69 
472 0.69 
473 0.68 
474 0.68 
475 0.68 
476 0.68 
477 0.68 
478 0.67 
479 0.67 
480 0.67 
481 0.68 
482 0.68 
483 0.68 
484 0.68 
485 0.68 
486 0.68 
487 0.68 
488 0.68 
489 0.68 
490 0.68 
491 0.68 
492 0.68 
493 0.68 
494 0.68 
495 0.68 
496 0.68 
497 0.68 
498 0.68 
499 0.68 
500 0.68 
501 0.68 
502 0.68 
503 0.68 
504 0.68 
505 0.68 
506 0.68 
507 0.68 
508 0.68 
509 0.69 
510 0.68 
511 0.68 
512 0.68 
513 0.68 
514 0.67 
515 0.67 
516 0.67 
517 0.67 
518 0.67 
519 0.67 
520 0.67 
521 0.67 
522 0.67 
523 0.66 
524 0.66 
525 0.66 
526 0.67 
527 0.67 
528 0.67 
529 0.66 
530 0.66 
531 0.66 
532 0.66 
533 0.66 
534 0.66 
535 0.66 
536 0.66 
537 0.65 
538 0.66 
539 0.66 
540 0.66 
541 0.66 
542 0.66 
543 0.66 
544 0.66 
545 0.66 
546 0.66 
547 0.66 
548 0.66 
549 0.66 
550 0.66 
551 0.66 
552 0.66 
553 0.66 
554 0.66 
555 0.66 
556 0.66 
557 0.66 
558 0.66 
559 0.66 
560 0.66 
561 0.66 
562 0.66 
563 0.66 
564 0.66 
565 0.66 
566 0.66 
567 0.66 
568 0.66 
569 0.66 
570 0.67 
571 0.66 
572 0.66 
573 0.66 
574 0.66 
575 0.67 
576 0.67 
577 0.67 
578 0.67 
579 0.67 
580 0.67 
581 0.67 
582 0.67 
583 0.67 
584 0.67 
585 0.67 
586 0.67 
587 0.67 
588 0.67 
589 0.67 
590 0.67 
591 0.67 
592 0.67 
593 0.67 
594 0.67 
595 0.67 
596 0.67 
597 0.67 
598 0.67 
599 0.68 
600 0.68 
601 0.68 
602 0.68 
603 0.68 
604 0.68 
605 0.68 
606 0.67 
607 0.68 
608 0.68 
609 0.68 
610 0.68 
611 0.68 
612 0.68 
613 0.68 
614 0.68 
615 0.68 
616 0.68 
617 0.68 
618 0.68 
619 0.68 
620 0.68 
621 0.68 
622 0.68 
623 0.68 
624 0.68 
625 0.68 
626 0.68 
627 0.68 
628 0.68 
629 0.69 
630 0.68 
631 0.68 
632 0.68 
633 0.68 
634 0.68 
635 0.67 
636 0.67 
637 0.67 
638 0.67 
639 0.68 
640 0.68 
641 0.68 
642 0.68 
643 0.68 
644 0.68 
645 0.67 
646 0.67 
647 0.67 
648 0.67 
649 0.67 
650 0.67 
651 0.67 
652 0.67 
653 0.67 
654 0.67 
655 0.67 
656 0.67 
657 0.67 
658 0.67 
659 0.67 
660 0.67 
661 0.67 
662 0.67 
663 0.67 
664 0.67 
665 0.67 
666 0.67 
667 0.67 
668 0.67 
669 0.67 
670 0.67 
671 0.67 
672 0.67 
673 0.67 
674 0.67 
675 0.67 
676 0.68 
677 0.68 
678 0.68 
679 0.68 
680 0.68 
681 0.68 
682 0.68 
683 0.68 
684 0.68 
685 0.68 
686 0.68 
687 0.68 
688 0.68 
689 0.68 
690 0.68 
691 0.68 
692 0.68 
693 0.68 
694 0.68 
695 0.68 
696 0.68 
697 0.68 
698 0.68 
699 0.68 
700 0.69 
701 0.69 
702 0.69 
703 0.69 
704 0.69 
705 0.69 
706 0.69 
707 0.69 
708 0.69 
709 0.69 
710 0.69 
711 0.69 
712 0.69 
713 0.68 
714 0.68 
715 0.68 
716 0.68 
717 0.68 
718 0.68 
719 0.68 
720 0.68 
721 0.68 
722 0.68 
723 0.68 
724 0.68 
725 0.68 
726 0.68 
727 0.68 
728 0.68 
729 0.68 
730 0.68 
731 0.68 
732 0.68 
733 0.68 
734 0.68 
735 0.68 
736 0.68 
737 0.68 
738 0.68 
739 0.68 
740 0.68 
741 0.68 
742 0.68 
743 0.68 
744 0.69 
745 0.69 
746 0.69 
747 0.69 
748 0.69 
749 0.69 
750 0.69 
751 0.69 
752 0.69 
753 0.69 
754 0.69 
755 0.69 
756 0.69 
757 0.69 
758 0.69 
759 0.69 
760 0.69 
761 0.69 
762 0.69 
763 0.69 
764 0.69 
765 0.69 
766 0.69 
767 0.69 
768 0.69 
769 0.69 
770 0.70 
771 0.70 
772 0.69 
773 0.69 
774 0.69 
775 0.69 
776 0.69 
777 0.69 
778 0.69 
779 0.69 
780 0.69 
781 0.69 
782 0.69 
783 0.69 
784 0.69 
785 0.69 
786 0.69 
787 0.69 
788 0.69 
789 0.69 
790 0.69 
791 0.69 
792 0.69 
793 0.68 
794 0.68 
795 0.68 
796 0.68 
797 0.69 
798 0.69 
799 0.69 
800 0.69 
801 0.69 
802 0.69 
803 0.69 
804 0.69 
805 0.69 
806 0.69 
807 0.69 
808 0.69 
809 0.69 
810 0.69 
811 0.69 
812 0.69 
813 0.69 
814 0.69 
815 0.69 
816 0.69 
817 0.69 
818 0.69 
819 0.69 
820 0.69 
821 0.69 
822 0.69 
823 0.69 
824 0.69 
825 0.69 
826 0.69 
827 0.69 
828 0.69 
829 0.69 
830 0.69 
831 0.69 
832 0.69 
833 0.70 
834 0.70 
835 0.70 
836 0.70 
837 0.70 
838 0.70 
839 0.70 
840 0.70 
841 0.70 
842 0.70 
843 0.70 
844 0.70 
845 0.70 
846 0.70 
847 0.70 
848 0.70 
849 0.70 
850 0.70 
851 0.70 
852 0.70 
853 0.70 
854 0.70 
855 0.70 
856 0.70 
857 0.70 
858 0.70 
859 0.70 
860 0.70 
861 0.70 
862 0.70 
863 0.70 
864 0.70 
865 0.70 
866 0.70 
867 0.70 
868 0.70 
869 0.70 
870 0.70 
871 0.70 
872 0.70 
873 0.70 
874 0.70 
875 0.70 
876 0.70 
877 0.70 
878 0.70 
879 0.69 
880 0.69 
881 0.69 
882 0.69 
883 0.69 
884 0.69 
885 0.69 
886 0.69 
887 0.69 
888 0.69 
889 0.69 
890 0.69 
891 0.69 
892 0.69 
893 0.69 
894 0.68 
895 0.68 
896 0.68 
897 0.68 
898 0.68 
899 0.68 
900 0.68 
901 0.68 
902 0.68 
903 0.68 
904 0.68 
905 0.68 
906 0.68 
907 0.68 
908 0.69 
909 0.69 
910 0.69 
911 0.69 
912 0.69 
913 0.69 
914 0.69 
915 0.69 
916 0.69 
917 0.69 
918 0.69 
919 0.69 
920 0.69 
921 0.69 
922 0.69 
923 0.69 
924 0.69 
925 0.69 
926 0.69 
927 0.69 
928 0.69 
929 0.69 
930 0.69 
931 0.69 
932 0.69 
933 0.69 
934 0.69 
935 0.69 
936 0.69 
937 0.69 
938 0.69 
939 0.69 
940 0.69 
941 0.69 
942 0.69 
943 0.69 
944 0.69 
945 0.69 
946 0.69 
947 0.69 
948 0.69 
949 0.69 
950 0.69 
951 0.69 
952 0.69 
953 0.69 
954 0.69 
955 0.69 
956 0.69 
957 0.69 
958 0.69 
959 0.69 
960 0.69 
961 0.69 
962 0.69 
963 0.69 
964 0.69 
965 0.69 
966 0.69 
967 0.69 
968 0.69 
969 0.69 
970 0.69 
971 0.69 
972 0.69 
973 0.69 
974 0.69 
975 0.69 
976 0.69 
977 0.69 
978 0.69 
979 0.69 
980 0.69 
981 0.69 
982 0.69 
983 0.69 
984 0.69 
985 0.69 
986 0.69 
987 0.69 
988 0.69 
989 0.68 
990 0.68 
991 0.68 
992 0.68 
993 0.68 
994 0.68 
995 0.68 
996 0.68 
997 0.67 
998 0.67 
999 0.67 
1000 0.67 
1001 0.67 
1002 0.67 
1003 0.67 
1004 0.67 
1005 0.66 
1006 0.66 
1007 0.66 
1008 0.66 
1009 0.66 
1010 0.66 
1011 0.66 
1012 0.66 
1013 0.65 
1014 0.65 
1015 0.65 
1016 0.65 
1017 0.65 
1018 0.65 
1019 0.65 
1020 0.65 
1021 0.65 
1022 0.64 
1023 0.64 
1024 0.64 
1025 0.64 
1026 0.64 
1027 0.64 
1028 0.64 
1029 0.64 
1030 0.64 
1031 0.65 
1032 0.65 
1033 0.65 
1034 0.65 
1035 0.65 
1036 0.65 
1037 0.65 
1038 0.65 
1039 0.65 
1040 0.65 
1041 0.65 
1042 0.65 
1043 0.65 
1044 0.65 
1045 0.65 
1046 0.65 
1047 0.65 
1048 0.65 
1049 0.65 
1050 0.65 
1051 0.65 
1052 0.65 
1053 0.65 
1054 0.65 
1055 0.65 
1056 0.65 
1057 0.65 
1058 0.65 
1059 0.65 
1060 0.65 
1061 0.65 
1062 0.65 
1063 0.65 
1064 0.65 
1065 0.65 
1066 0.65 
1067 0.65 
1068 0.65 
1069 0.65 
1070 0.65 
1071 0.65 
1072 0.65 
1073 0.66 
1074 0.66 
1075 0.66 
1076 0.66 
1077 0.65 
1078 0.66 
1079 0.65 
1080 0.65 
1081 0.65 
1082 0.65 
1083 0.65 
1084 0.65 
1085 0.65 
1086 0.65 
1087 0.65 
1088 0.65 
1089 0.65 
1090 0.65 
1091 0.65 
1092 0.65 
1093 0.65 
1094 0.65 
1095 0.65 
1096 0.65 
1097 0.64 
1098 0.64 
1099 0.64 
1100 0.64 
1101 0.64 
1102 0.64 
1103 0.64 
1104 0.64 
1105 0.64 
1106 0.64 
1107 0.64 
1108 0.64 
1109 0.64 
1110 0.64 
1111 0.64 
1112 0.64 
1113 0.64 
1114 0.64 
1115 0.64 
1116 0.64 
1117 0.64 
1118 0.64 
1119 0.64 
1120 0.64 
1121 0.64 
1122 0.64 
1123 0.64 
1124 0.64 
1125 0.64 
1126 0.64 
1127 0.64 
1128 0.64 
1129 0.64 
1130 0.64 
1131 0.64 
1132 0.64 
1133 0.64 
1134 0.64 
1135 0.64 
1136 0.64 
1137 0.64 
1138 0.64 
1139 0.64 
1140 0.64 
1141 0.64 
1142 0.64 
1143 0.64 
1144 0.64 
1145 0.65 
1146 0.65 
1147 0.65 
1148 0.65 
1149 0.65 
1150 0.65 
1151 0.65 
1152 0.65 
1153 0.65 
1154 0.65 
1155 0.65 
1156 0.65 
1157 0.65 
1158 0.65 
1159 0.65 
1160 0.65 
1161 0.65 
1162 0.65 
1163 0.65 
1164 0.65 
1165 0.65 
1166 0.65 
1167 0.65 
1168 0.65 
1169 0.65 
1170 0.65 
1171 0.64 
1172 0.64 
1173 0.64 
1174 0.64 
1175 0.64 
1176 0.64 
1177 0.64 
1178 0.64 
1179 0.64 
1180 0.64 
1181 0.64 
1182 0.64 
1183 0.64 
1184 0.64 
1185 0.64 
1186 0.64 
1187 0.64 
1188 0.64 
1189 0.64 
1190 0.64 
1191 0.64 
1192 0.64 
1193 0.64 
1194 0.64 
1195 0.64 
1196 0.64 
1197 0.64 
1198 0.64 
1199 0.64 
1200 0.64 
1201 0.64 
1202 0.64 
1203 0.63 
1204 0.63 
1205 0.63 
1206 0.63 
1207 0.63 
1208 0.63 
1209 0.63 
1210 0.63 
1211 0.63 
1212 0.63 
1213 0.63 
1214 0.63 
1215 0.63 
1216 0.63 
1217 0.63 
1218 0.63 
1219 0.63 
1220 0.63 
1221 0.63 
1222 0.63 
1223 0.63 
1224 0.63 
1225 0.63 
1226 0.63 
1227 0.63 
1228 0.63 
1229 0.63 
1230 0.63 
1231 0.63 
1232 0.63 
1233 0.63 
1234 0.63 
1235 0.63 
1236 0.63 
1237 0.63 
1238 0.62 
1239 0.62 
1240 0.62 
1241 0.62 
1242 0.62 
1243 0.62 
1244 0.62 
1245 0.62 
1246 0.62 
1247 0.62 
1248 0.62 
1249 0.62 
1250 0.62 
1251 0.62 
1252 0.62 
1253 0.62 
1254 0.62 
1255 0.62 
1256 0.62 
1257 0.61 
1258 0.61 
1259 0.61 
1260 0.61 
1261 0.61 
1262 0.61 
1263 0.61 
1264 0.61 
1265 0.61 
1266 0.61 
1267 0.61 
1268 0.61 
1269 0.62 
1270 0.62 
1271 0.62 
1272 0.62 
1273 0.62 
1274 0.62 
1275 0.62 
1276 0.62 
1277 0.62 
1278 0.61 
1279 0.61 
1280 0.61 
1281 0.61 
1282 0.61 
1283 0.61 
1284 0.61 
1285 0.61 
1286 0.61 
1287 0.61 
1288 0.61 
1289 0.61 
1290 0.61 
1291 0.61 
1292 0.61 
1293 0.61 
1294 0.61 
1295 0.61 
1296 0.61 
1297 0.61 
1298 0.61 
1299 0.61 
1300 0.61 
1301 0.61 
1302 0.61 
1303 0.61 
1304 0.61 
1305 0.62 
1306 0.62 
1307 0.62 
1308 0.62 
1309 0.62 
1310 0.62 
1311 0.62 
1312 0.62 
1313 0.62 
1314 0.62 
1315 0.62 
1316 0.62 
1317 0.62 
1318 0.62 
1319 0.61 
1320 0.62 
1321 0.62 
1322 0.62 
1323 0.62 
1324 0.62 
1325 0.62 
1326 0.62 
1327 0.62 
1328 0.62 
1329 0.62 
1330 0.62 
1331 0.62 
1332 0.62 
1333 0.62 
1334 0.62 
1335 0.62 
1336 0.62 
1337 0.62 
1338 0.62 
1339 0.62 
1340 0.62 
1341 0.62 
1342 0.62 
1343 0.62 
1344 0.62 
1345 0.62 
1346 0.62 
1347 0.62 
1348 0.62 
1349 0.62 
1350 0.62 
1351 0.62 
1352 0.62 
1353 0.62 
1354 0.62 
1355 0.62 
1356 0.62 
1357 0.62 
1358 0.62 
1359 0.62 
1360 0.62 
1361 0.62 
1362 0.62 
1363 0.61 
1364 0.61 
1365 0.62 
1366 0.62 
1367 0.62 
1368 0.62 
1369 0.62 
1370 0.61 
1371 0.61 
1372 0.61 
1373 0.61 
1374 0.61 
1375 0.61 
1376 0.61 
1377 0.61 
1378 0.61 
1379 0.61 
1380 0.61 
1381 0.62 
1382 0.62 
1383 0.62 
1384 0.62 
1385 0.62 
1386 0.62 
1387 0.62 
1388 0.62 
1389 0.62 
1390 0.62 
1391 0.62 
1392 0.62 
1393 0.62 
1394 0.62 
1395 0.62 
1396 0.62 
1397 0.62 
1398 0.62 
1399 0.62 
1400 0.62 
1401 0.62 
1402 0.62 
1403 0.62 
1404 0.62 
1405 0.62 
1406 0.62 
1407 0.62 
1408 0.62 
1409 0.62 
1410 0.62 
1411 0.62 
1412 0.62 
1413 0.62 
1414 0.62 
1415 0.62 
1416 0.62 
1417 0.62 
1418 0.62 
1419 0.62 
1420 0.62 
1421 0.62 
1422 0.62 
1423 0.62 
1424 0.62 
1425 0.62 
1426 0.62 
1427 0.62 
1428 0.62 
1429 0.62 
1430 0.62 
1431 0.62 
1432 0.62 
1433 0.62 
1434 0.62 
1435 0.62 
1436 0.62 
1437 0.62 
1438 0.62 
1439 0.62 
1440 0.62 
1441 0.62 
1442 0.62 
1443 0.62 
1444 0.62 
1445 0.62 
1446 0.62 
1447 0.62 
1448 0.62 
1449 0.62 
1450 0.62 
1451 0.62 
1452 0.62 
1453 0.62 
1454 0.62 
1455 0.62 
1456 0.62 
1457 0.62 
1458 0.62 
1459 0.62 
1460 0.62 
1461 0.62 
1462 0.62 
1463 0.62 
1464 0.62 
1465 0.62 
1466 0.62 
1467 0.62 
1468 0.62 
1469 0.62 
1470 0.62 
1471 0.62 
1472 0.62 
1473 0.62 
1474 0.62 
1475 0.63 
1476 0.63 
1477 0.63 
1478 0.63 
1479 0.63 
1480 0.63 
1481 0.63 
1482 0.63 
1483 0.63 
1484 0.63 
1485 0.63 
1486 0.63 
1487 0.63 
1488 0.63 
1489 0.63 
1490 0.63 
1491 0.63 
1492 0.63 
1493 0.63 
1494 0.63 
1495 0.63 
1496 0.63 
1497 0.63 
1498 0.63 
1499 0.63 
1500 0.63 
1501 0.63 
1502 0.63 
1503 0.63 
1504 0.63 
1505 0.63 
1506 0.63 
1507 0.63 
1508 0.63 
1509 0.63 
1510 0.63 
1511 0.63 
1512 0.63 
1513 0.63 
1514 0.63 
1515 0.63 
1516 0.63 
1517 0.63 
1518 0.63 
1519 0.63 
1520 0.63 
1521 0.63 
1522 0.63 
1523 0.63 
1524 0.63 
1525 0.63 
1526 0.63 
1527 0.63 
1528 0.63 
1529 0.63 
1530 0.63 
1531 0.63 
1532 0.63 
1533 0.63 
1534 0.63 
1535 0.63 
1536 0.63 
1537 0.63 
1538 0.63 
1539 0.63 
1540 0.63 
1541 0.63 
1542 0.63 
1543 0.63 
1544 0.63 
1545 0.63 
1546 0.63 
1547 0.63 
1548 0.63 
1549 0.63 
1550 0.63 
1551 0.63 
1552 0.63 
1553 0.63 
1554 0.63 
1555 0.63 
1556 0.63 
1557 0.63 
1558 0.63 
1559 0.63 
1560 0.63 
1561 0.63 
1562 0.63 
1563 0.63 
1564 0.63 
1565 0.63 
1566 0.63 
1567 0.63 
1568 0.63 
1569 0.63 
1570 0.63 
1571 0.63 
1572 0.64 
1573 0.64 
1574 0.64 
1575 0.64 
1576 0.64 
1577 0.64 
1578 0.64 
1579 0.64 
1580 0.64 
1581 0.64 
1582 0.64 
1583 0.64 
1584 0.64 
1585 0.64 
1586 0.64 
1587 0.64 
1588 0.64 
1589 0.64 
1590 0.64 
1591 0.64 
1592 0.64 
1593 0.64 
1594 0.64 
1595 0.64 
1596 0.64 
1597 0.64 
1598 0.64 
1599 0.64 
1600 0.64 
1601 0.64 
1602 0.64 
1603 0.64 
1604 0.64 
1605 0.64 
1606 0.64 
1607 0.64 
1608 0.64 
1609 0.64 
1610 0.64 
1611 0.64 
1612 0.64 
1613 0.64 
1614 0.64 
1615 0.64 
1616 0.64 
1617 0.64 
1618 0.64 
1619 0.64 
1620 0.64 
1621 0.64 
1622 0.64 
1623 0.64 
1624 0.64 
1625 0.64 
1626 0.64 
1627 0.64 
1628 0.64 
1629 0.64 
1630 0.64 
1631 0.64 
1632 0.64 
1633 0.64 
1634 0.64 
1635 0.64 
1636 0.64 
1637 0.64 
1638 0.64 
1639 0.64 
1640 0.64 
1641 0.64 
1642 0.64 
1643 0.64 
1644 0.64 
1645 0.64 
1646 0.64 
1647 0.64 
1648 0.64 
1649 0.64 
1650 0.64 
1651 0.64 
1652 0.64 
1653 0.64 
1654 0.64 
1655 0.64 
1656 0.64 
1657 0.64 
1658 0.64 
1659 0.65 
1660 0.65 
1661 0.65 
1662 0.65 
1663 0.65 
1664 0.65 
1665 0.65 
1666 0.65 
1667 0.65 
1668 0.65 
1669 0.65 
1670 0.65 
1671 0.65 
1672 0.65 
1673 0.65 
1674 0.65 
1675 0.65 
1676 0.65 
1677 0.65 
1678 0.65 
1679 0.65 
1680 0.65 
1681 0.65 
1682 0.65 
1683 0.65 
1684 0.65 
1685 0.65 
1686 0.65 
1687 0.65 
1688 0.65 
1689 0.65 
1690 0.65 
1691 0.65 
1692 0.65 
1693 0.65 
1694 0.65 
1695 0.65 
1696 0.65 
1697 0.65 
1698 0.65 
1699 0.65 
1700 0.65 
1701 0.65 
1702 0.65 
1703 0.65 
1704 0.65 
1705 0.65 
1706 0.65 
1707 0.65 
1708 0.65 
1709 0.65 
1710 0.65 
1711 0.65 
1712 0.65 
1713 0.65 
1714 0.65 
1715 0.65 
1716 0.65 
1717 0.65 
1718 0.65 
1719 0.65 
1720 0.65 
1721 0.65 
1722 0.65 
1723 0.65 
1724 0.65 
1725 0.65 
1726 0.65 
1727 0.65 
1728 0.65 
1729 0.65 
1730 0.65 
1731 0.65 
1732 0.65 
1733 0.65 
1734 0.65 
1735 0.65 
1736 0.65 
1737 0.65 
1738 0.65 
1739 0.66 
1740 0.66 
1741 0.66 
1742 0.66 
1743 0.66 
1744 0.66 
1745 0.66 
1746 0.66 
1747 0.66 
1748 0.66 
1749 0.66 
1750 0.66 
1751 0.66 
1752 0.66 
1753 0.66 
1754 0.66 
1755 0.66 
1756 0.66 
1757 0.66 
1758 0.66 
1759 0.66 
1760 0.66 
1761 0.66 
1762 0.66 
1763 0.66 
1764 0.66 
1765 0.66 
1766 0.66 
1767 0.66 
1768 0.66 
1769 0.66 
1770 0.66 
1771 0.66 
1772 0.66 
1773 0.66 
1774 0.66 
1775 0.66 
1776 0.66 
1777 0.66 
1778 0.66 
1779 0.66 
1780 0.66 
1781 0.66 
1782 0.66 
1783 0.66 
1784 0.66 
1785 0.66 
1786 0.66 
1787 0.66 
1788 0.66 
1789 0.66 
1790 0.66 
1791 0.66 
1792 0.66 
1793 0.66 
1794 0.66 
1795 0.66 
1796 0.66 
1797 0.66 
1798 0.66 
1799 0.66 
1800 0.66 
1801 0.66 
1802 0.66 
1803 0.65 
1804 0.65 
1805 0.65 
1806 0.65 
1807 0.65 
1808 0.65 
1809 0.65 
1810 0.65 
1811 0.65 
1812 0.65 
1813 0.65 
1814 0.65 
1815 0.65 
1816 0.65 
1817 0.65 
1818 0.65 
1819 0.65 
1820 0.65 
1821 0.65 
1822 0.65 
1823 0.65 
1824 0.65 
1825 0.65 
1826 0.65 
1827 0.65 
1828 0.65 
1829 0.65 
1830 0.65 
1831 0.65 
1832 0.64 
1833 0.64 
1834 0.64 
1835 0.64 
1836 0.64 
1837 0.64 
1838 0.64 
1839 0.64 
1840 0.64 
1841 0.64 
1842 0.64 
1843 0.64 
1844 0.64 
1845 0.64 
1846 0.64 
1847 0.64 
1848 0.64 
1849 0.64 
1850 0.64 
1851 0.64 
1852 0.64 
1853 0.64 
1854 0.64 
1855 0.64 
1856 0.64 
1857 0.64 
1858 0.64 
1859 0.64 
1860 0.64 
1861 0.64 
1862 0.64 
1863 0.64 
1864 0.64 
1865 0.64 
1866 0.64 
1867 0.64 
1868 0.64 
1869 0.64 
1870 0.64 
1871 0.64 
1872 0.64 
1873 0.64 
1874 0.64 
1875 0.64 
1876 0.64 
1877 0.64 
1878 0.64 
1879 0.64 
1880 0.64 
1881 0.64 
1882 0.64 
1883 0.64 
1884 0.64 
1885 0.64 
1886 0.64 
1887 0.64 
1888 0.64 
1889 0.64 
1890 0.64 
1891 0.64 
1892 0.64 
1893 0.64 
1894 0.64 
1895 0.64 
1896 0.64 
1897 0.64 
1898 0.64 
1899 0.64 
1900 0.64 
1901 0.64 
1902 0.64 
1903 0.64 
1904 0.64 
1905 0.64 
1906 0.64 
1907 0.64 
1908 0.64 
1909 0.64 
1910 0.64 
1911 0.64 
1912 0.64 
1913 0.64 
1914 0.64 
1915 0.64 
1916 0.64 
1917 0.64 
1918 0.64 
1919 0.64 
1920 0.64 
1921 0.64 
1922 0.64 
1923 0.64 
1924 0.64 
1925 0.64 
1926 0.64 
1927 0.64 
1928 0.64 
1929 0.64 
1930 0.64 
1931 0.64 
1932 0.64 
1933 0.64 
1934 0.64 
1935 0.64 
1936 0.64 
1937 0.64 
1938 0.64 
1939 0.64 
1940 0.64 
1941 0.64 
1942 0.64 
1943 0.64 
1944 0.64 
1945 0.64 
1946 0.64 
1947 0.64 
1948 0.64 
1949 0.64 
1950 0.64 
1951 0.64 
1952 0.63 
1953 0.63 
1954 0.63 
1955 0.63 
1956 0.63 
1957 0.63 
1958 0.63 
1959 0.63 
1960 0.63 
1961 0.63 
1962 0.63 
1963 0.63 
1964 0.63 
1965 0.63 
1966 0.63 
1967 0.63 
1968 0.63 
1969 0.63 
1970 0.62 
1971 0.63 
1972 0.63 
1973 0.63 
1974 0.63 
1975 0.63 
1976 0.63 
1977 0.62 
1978 0.62 
1979 0.62 
1980 0.62 
1981 0.62 
1982 0.62 
1983 0.62 
1984 0.62 
1985 0.62 
1986 0.62 
1987 0.62 
1988 0.62 
1989 0.62 
1990 0.62 
1991 0.62 
1992 0.62 
1993 0.62 
1994 0.62 
1995 0.62 
1996 0.62 
1997 0.62 
1998 0.62 
1999 0.62 
2000 0.62 
2001 0.62 
2002 0.62 
2003 0.62 
2004 0.62 
2005 0.62 
2006 0.62 
2007 0.62 
2008 0.62 
2009 0.61 
2010 0.61 
2011 0.61 
2012 0.61 
2013 0.61 
2014 0.61 
2015 0.61 
2016 0.61 
2017 0.61 
2018 0.61 
2019 0.61 
2020 0.61 
2021 0.61 
2022 0.61 
2023 0.61 
2024 0.61 
2025 0.61 
2026 0.61 
2027 0.61 
2028 0.61 
2029 0.61 
2030 0.61 
2031 0.61 
2032 0.61 
2033 0.61 
2034 0.61 
2035 0.61 
2036 0.61 
2037 0.61 
2038 0.61 
2039 0.61 
2040 0.61 
2041 0.61 
2042 0.61 
2043 0.61 
2044 0.61 
2045 0.61 
2046 0.61 
2047 0.61 
2048 0.61 
2049 0.61 
2050 0.61 
2051 0.61 
2052 0.61 
2053 0.61 
2054 0.61 
2055 0.61 
2056 0.61 
2057 0.61 
2058 0.61 
2059 0.61 
2060 0.61 
2061 0.61 
2062 0.61 
2063 0.60 
2064 0.60 
2065 0.60 
2066 0.60 
2067 0.60 
2068 0.60 
2069 0.60 
2070 0.60 
2071 0.60 
2072 0.60 
2073 0.60 
2074 0.60 
2075 0.60 
2076 0.60 
2077 0.60 
2078 0.60 
2079 0.60 
2080 0.60 
2081 0.60 
2082 0.60 
2083 0.60 
2084 0.60 
2085 0.60 
2086 0.60 
2087 0.60 
2088 0.60 
2089 0.60 
2090 0.60 
2091 0.60 
2092 0.60 
2093 0.60 
2094 0.59 
2095 0.59 
2096 0.59 
2097 0.59 
2098 0.59 
2099 0.59 
2100 0.59 
2101 0.59 
2102 0.59 
2103 0.59 
2104 0.59 
2105 0.59 
2106 0.59 
2107 0.59 
2108 0.59 
2109 0.59 
2110 0.59 
2111 0.59 
2112 0.59 
2113 0.59 
2114 0.59 
2115 0.59 
2116 0.59 
2117 0.59 
2118 0.59 
2119 0.59 
2120 0.59 
2121 0.59 
2122 0.59 
2123 0.59 
2124 0.59 
2125 0.59 
2126 0.59 
2127 0.59 
2128 0.59 
2129 0.59 
2130 0.59 
2131 0.59 
2132 0.59 
2133 0.60 
2134 0.60 
2135 0.60 
2136 0.60 
2137 0.60 
2138 0.60 
2139 0.60 
2140 0.60 
2141 0.60 
2142 0.60 
2143 0.60 
2144 0.60 
2145 0.60 
2146 0.60 
2147 0.60 
2148 0.59 
2149 0.59 
2150 0.59 
2151 0.59 
2152 0.59 
2153 0.59 
2154 0.59 
2155 0.59 
2156 0.59 
2157 0.59 
2158 0.59 
2159 0.59 
2160 0.59 
2161 0.59 
2162 0.59 
2163 0.59 
2164 0.59 
2165 0.59 
2166 0.59 
2167 0.59 
2168 0.59 
2169 0.59 
2170 0.58 
2171 0.58 
2172 0.58 
2173 0.58 
2174 0.58 
2175 0.58 
2176 0.58 
2177 0.58 
2178 0.58 
2179 0.58 
2180 0.58 
2181 0.58 
2182 0.58 
2183 0.58 
2184 0.58 
2185 0.58 
2186 0.58 
2187 0.58 
2188 0.58 
2189 0.58 
2190 0.58 
2191 0.58 
2192 0.58 
2193 0.58 
2194 0.58 
2195 0.57 
2196 0.57 
2197 0.57 
2198 0.57 
2199 0.57 
2200 0.57 
2201 0.57 
2202 0.57 
2203 0.57 
2204 0.57 
2205 0.57 
2206 0.57 
2207 0.57 
2208 0.57 
2209 0.57 
2210 0.57 
2211 0.57 
2212 0.57 
2213 0.57 
2214 0.57 
2215 0.57 
2216 0.57 
2217 0.57 
2218 0.57 
2219 0.57 
2220 0.57 
2221 0.57 
2222 0.57 
2223 0.57 
2224 0.57 
2225 0.57 
2226 0.57 
2227 0.57 
2228 0.57 
2229 0.57 
2230 0.57 
2231 0.57 
2232 0.57 
2233 0.57 
2234 0.57 
2235 0.57 
2236 0.57 
2237 0.57 
2238 0.57 
2239 0.57 
2240 0.57 
2241 0.57 
2242 0.57 
2243 0.57 
2244 0.57 
2245 0.57 
2246 0.57 
2247 0.57 
2248 0.57 
2249 0.57 
2250 0.57 
2251 0.57 
2252 0.57 
2253 0.57 
2254 0.57 
2255 0.57 
2256 0.57 
2257 0.57 
2258 0.57 
2259 0.57 
2260 0.57 
2261 0.57 
2262 0.57 
2263 0.57 
2264 0.57 
2265 0.57 
2266 0.57 
2267 0.57 
2268 0.57 
2269 0.57 
2270 0.57 
2271 0.57 
2272 0.57 
2273 0.57 
2274 0.57 
2275 0.57 
2276 0.57 
2277 0.57 
2278 0.57 
2279 0.57 
2280 0.57 
2281 0.57 
2282 0.57 
2283 0.57 
2284 0.57 
2285 0.57 
2286 0.57 
2287 0.57 
2288 0.57 
2289 0.57 
2290 0.57 
2291 0.57 
2292 0.57 
2293 0.57 
2294 0.57 
2295 0.57 
2296 0.57 
2297 0.57 
2298 0.57 
2299 0.57 
2300 0.57 
2301 0.57 
2302 0.57 
2303 0.57 
2304 0.57 
2305 0.57 
2306 0.57 
2307 0.57 
2308 0.57 
2309 0.57 
2310 0.57 
2311 0.57 
2312 0.57 
2313 0.57 
2314 0.57 
2315 0.57 
2316 0.57 
2317 0.57 
2318 0.57 
2319 0.57 
2320 0.57 
2321 0.57 
2322 0.57 
2323 0.57 
2324 0.57 
2325 0.57 
2326 0.57 
2327 0.57 
2328 0.57 
2329 0.57 
2330 0.57 
2331 0.57 
2332 0.57 
2333 0.57 
2334 0.57 
2335 0.57 
2336 0.57 
2337 0.57 
2338 0.57 
2339 0.57 
2340 0.57 
2341 0.57 
2342 0.57 
2343 0.57 
2344 0.57 
2345 0.57 
2346 0.57 
2347 0.57 
2348 0.57 
2349 0.57 
2350 0.57 
2351 0.57 
2352 0.57 
2353 0.57 
2354 0.57 
2355 0.57 
2356 0.57 
2357 0.57 
2358 0.57 
2359 0.57 
2360 0.57 
2361 0.57 
2362 0.57 
2363 0.57 
2364 0.57 
2365 0.57 
2366 0.57 
2367 0.57 
2368 0.57 
2369 0.57 
2370 0.57 
2371 0.57 
2372 0.57 
2373 0.57 
2374 0.57 
2375 0.57 
2376 0.57 
2377 0.57 
2378 0.57 
2379 0.57 
2380 0.57 
2381 0.57 
2382 0.57 
2383 0.57 
2384 0.57 
2385 0.56 
2386 0.56 
2387 0.56 
2388 0.56 
2389 0.56 
2390 0.56 
2391 0.56 
2392 0.56 
2393 0.56 
2394 0.56 
2395 0.56 
2396 0.56 
2397 0.56 
2398 0.56 
2399 0.56 
2400 0.56 
2401 0.56 
2402 0.56 
2403 0.56 
2404 0.56 
2405 0.56 
2406 0.56 
2407 0.56 
2408 0.56 
2409 0.56 
2410 0.56 
2411 0.56 
2412 0.56 
2413 0.56 
2414 0.56 
2415 0.56 
2416 0.56 
2417 0.56 
2418 0.56 
2419 0.56 
2420 0.56 
2421 0.56 
2422 0.56 
2423 0.56 
2424 0.56 
2425 0.56 
2426 0.56 
2427 0.56 
2428 0.56 
2429 0.56 
2430 0.56 
2431 0.56 
2432 0.56 
2433 0.56 
2434 0.56 
2435 0.56 
2436 0.56 
2437 0.56 
2438 0.56 
2439 0.56 
2440 0.56 
2441 0.56 
2442 0.56 
2443 0.56 
2444 0.56 
2445 0.56 
2446 0.56 
2447 0.56 
2448 0.56 
2449 0.56 
2450 0.56 
2451 0.55 
2452 0.55 
2453 0.55 
2454 0.55 
2455 0.55 
2456 0.55 
2457 0.55 
2458 0.55 
2459 0.55 
2460 0.55 
2461 0.55 
2462 0.55 
2463 0.55 
2464 0.55 
2465 0.55 
2466 0.55 
2467 0.55 
2468 0.55 
2469 0.55 
2470 0.55 
2471 0.55 
2472 0.55 
2473 0.55 
2474 0.55 
2475 0.55 
2476 0.55 
2477 0.55 
2478 0.55 
2479 0.55 
2480 0.55 
2481 0.54 
2482 0.54 
2483 0.54 
2484 0.54 
2485 0.54 
2486 0.54 
2487 0.54 
2488 0.54 
2489 0.54 
2490 0.54 
2491 0.54 
2492 0.54 
2493 0.54 
2494 0.54 
2495 0.54 
2496 0.54 
2497 0.54 
2498 0.54 
2499 0.54 
2500 0.54 
2501 0.54 
2502 0.54 
2503 0.54 
2504 0.54 
2505 0.54 
2506 0.54 
2507 0.54 
2508 0.54 
2509 0.54 
2510 0.54 
2511 0.54 
2512 0.53 
2513 0.53 
2514 0.53 
2515 0.53 
2516 0.53 
2517 0.53 
2518 0.53 
2519 0.53 
2520 0.53 
2521 0.53 
2522 0.53 
2523 0.53 
2524 0.53 
2525 0.53 
2526 0.53 
2527 0.53 
2528 0.53 
2529 0.53 
2530 0.53 
2531 0.53 
2532 0.53 
2533 0.53 
2534 0.53 
2535 0.53 
2536 0.53 
2537 0.53 
2538 0.53 
2539 0.53 
2540 0.53 
2541 0.53 
2542 0.53 
2543 0.53 
2544 0.53 
2545 0.52 
2546 0.52 
2547 0.52 
2548 0.52 
2549 0.52 
2550 0.52 
2551 0.52 
2552 0.52 
2553 0.52 
2554 0.52 
2555 0.52 
2556 0.52 
2557 0.52 
2558 0.52 
2559 0.52 
2560 0.52 
2561 0.52 
2562 0.52 
2563 0.52 
2564 0.52 
2565 0.52 
2566 0.52 
2567 0.52 
2568 0.52 
2569 0.52 
2570 0.52 
2571 0.52 
2572 0.52 
2573 0.52 
2574 0.52 
2575 0.52 
2576 0.52 
2577 0.52 
2578 0.52 
2579 0.51 
2580 0.51 
2581 0.51 
2582 0.51 
2583 0.51 
2584 0.51 
2585 0.51 
2586 0.51 
2587 0.51 
2588 0.51 
2589 0.51 
2590 0.51 
2591 0.51 
2592 0.51 
2593 0.51 
2594 0.51 
2595 0.51 
2596 0.51 
2597 0.51 
2598 0.51 
2599 0.51 
2600 0.51 
2601 0.51 
2602 0.51 
2603 0.51 
2604 0.51 
2605 0.51 
2606 0.51 
2607 0.51 
2608 0.51 
2609 0.51 
2610 0.51 
2611 0.51 
2612 0.51 
2613 0.51 
2614 0.51 
2615 0.50 
2616 0.50 
2617 0.50 
2618 0.50 
2619 0.50 
2620 0.50 
2621 0.50 
2622 0.50 
2623 0.50 
2624 0.50 
2625 0.50 
2626 0.50 
2627 0.50 
2628 0.50 
2629 0.50 
2630 0.50 
2631 0.50 
2632 0.50 
2633 0.50 
2634 0.50 
2635 0.50 
2636 0.50 
2637 0.50 
2638 0.50 
2639 0.50 
2640 0.50 
2641 0.50 
2642 0.50 
2643 0.50 
2644 0.50 
2645 0.50 
2646 0.50 
2647 0.50 
2648 0.50 
2649 0.50 
2650 0.50 
2651 0.50 
2652 0.49 
2653 0.49 
2654 0.49 
2655 0.49 
2656 0.49 
2657 0.49 
2658 0.49 
2659 0.49 
2660 0.49 
2661 0.49 
2662 0.49 
2663 0.49 
2664 0.49 
2665 0.49 
2666 0.49 
2667 0.49 
2668 0.49 
2669 0.49 
2670 0.49 
2671 0.49 
2672 0.49 
2673 0.49 
2674 0.49 
2675 0.49 
2676 0.49 
2677 0.49 
2678 0.49 
2679 0.49 
2680 0.49 
2681 0.49 
2682 0.49 
2683 0.49 
2684 0.49 
2685 0.49 
2686 0.49 
2687 0.49 
2688 0.49 
2689 0.48 
2690 0.48 
2691 0.48 
2692 0.48 
2693 0.48 
2694 0.48 
2695 0.48 
2696 0.48 
2697 0.48 
2698 0.48 
2699 0.48 
2700 0.48 
2701 0.48 
2702 0.48 
2703 0.48 
2704 0.48 
2705 0.48 
2706 0.48 
2707 0.48 
2708 0.48 
2709 0.48 
2710 0.48 
2711 0.48 
2712 0.48 
2713 0.48 
2714 0.48 
2715 0.48 
2716 0.48 
2717 0.48 
2718 0.48 
2719 0.48 
2720 0.48 
2721 0.48 
2722 0.48 
2723 0.48 
2724 0.48 
2725 0.48 
2726 0.48 
2727 0.48 
2728 0.48 
2729 0.48 
2730 0.48 
2731 0.47 
2732 0.47 
2733 0.47 
2734 0.47 
2735 0.47 
2736 0.47 
2737 0.47 
2738 0.47 
2739 0.47 
2740 0.47 
2741 0.47 
2742 0.47 
2743 0.47 
2744 0.47 
2745 0.47 
2746 0.47 
2747 0.47 
2748 0.47 
2749 0.47 
2750 0.47 
2751 0.47 
2752 0.47 
2753 0.47 
2754 0.47 
2755 0.47 
2756 0.47 
2757 0.47 
2758 0.47 
2759 0.47 
2760 0.47 
2761 0.47 
2762 0.47 
2763 0.47 
2764 0.47 
2765 0.47 
2766 0.47 
2767 0.47 
2768 0.47 
2769 0.47 
2770 0.47 
2771 0.47 
2772 0.47 
2773 0.47 
2774 0.46 
2775 0.46 
2776 0.46 
2777 0.46 
2778 0.46 
2779 0.46 
2780 0.46 
2781 0.46 
2782 0.46 
2783 0.46 
2784 0.46 
2785 0.46 
2786 0.46 
2787 0.46 
2788 0.46 
2789 0.46 
2790 0.46 
2791 0.46 
2792 0.46 
2793 0.46 
2794 0.46 
2795 0.46 
2796 0.46 
2797 0.46 
2798 0.46 
2799 0.46 
2800 0.46 
2801 0.46 
2802 0.46 
2803 0.46 
2804 0.46 
2805 0.46 
2806 0.46 
2807 0.46 
2808 0.46 
2809 0.46 
2810 0.46 
2811 0.46 
2812 0.46 
2813 0.46 
2814 0.46 
2815 0.46 
2816 0.46 
2817 0.46 
2818 0.45 
2819 0.45 
2820 0.45 
2821 0.45 
2822 0.45 
2823 0.45 
2824 0.45 
2825 0.45 
2826 0.45 
2827 0.45 
2828 0.45 
2829 0.45 
2830 0.45 
2831 0.45 
2832 0.45 
2833 0.45 
2834 0.45 
2835 0.45 
2836 0.45 
2837 0.45 
2838 0.45 
2839 0.45 
2840 0.45 
2841 0.45 
2842 0.45 
2843 0.45 
2844 0.45 
2845 0.45 
2846 0.45 
2847 0.45 
2848 0.45 
2849 0.45 
2850 0.45 
2851 0.45 
2852 0.45 
2853 0.45 
2854 0.45 
2855 0.45 
2856 0.45 
2857 0.45 
2858 0.45 
2859 0.45 
2860 0.45 
2861 0.45 
2862 0.44 
2863 0.44 
2864 0.44 
2865 0.44 
2866 0.44 
2867 0.44 
2868 0.44 
2869 0.44 
2870 0.44 
2871 0.44 
2872 0.44 
2873 0.44 
2874 0.44 
2875 0.44 
2876 0.44 
2877 0.44 
2878 0.44 
2879 0.44 
2880 0.44 
2881 0.44 
2882 0.44 
2883 0.44 
2884 0.44 
2885 0.44 
2886 0.44 
2887 0.44 
2888 0.44 
2889 0.44 
2890 0.44 
2891 0.44 
2892 0.44 
2893 0.44 
2894 0.44 
2895 0.44 
2896 0.44 
2897 0.44 
2898 0.44 
2899 0.44 
2900 0.44 
2901 0.44 
2902 0.44 
2903 0.44 
2904 0.44 
2905 0.44 
2906 0.44 
2907 0.44 
2908 0.44 
2909 0.44 
2910 0.44 
2911 0.43 
2912 0.43 
2913 0.43 
2914 0.43 
2915 0.43 
2916 0.43 
2917 0.43 
2918 0.43 
2919 0.43 
2920 0.43 
2921 0.43 
2922 0.43 
2923 0.43 
2924 0.43 
2925 0.43 
2926 0.43 
2927 0.43 
2928 0.43 
2929 0.43 
2930 0.43 
2931 0.43 
2932 0.43 
2933 0.43 
2934 0.43 
2935 0.43 
2936 0.43 
2937 0.43 
2938 0.43 
2939 0.43 
2940 0.43 
2941 0.43 
2942 0.43 
2943 0.43 
2944 0.43 
2945 0.43 
2946 0.43 
2947 0.43 
2948 0.43 
2949 0.43 
2950 0.43 
2951 0.43 
2952 0.43 
2953 0.43 
2954 0.43 
2955 0.43 
2956 0.43 
2957 0.43 
2958 0.43 
2959 0.43 
2960 0.43 
2961 0.42 
2962 0.42 
2963 0.42 
2964 0.42 
2965 0.42 
2966 0.42 
2967 0.42 
2968 0.42 
2969 0.42 
2970 0.42 
2971 0.42 
2972 0.42 
2973 0.42 
2974 0.42 
2975 0.42 
2976 0.42 
2977 0.42 
2978 0.42 
2979 0.42 
2980 0.42 
2981 0.42 
2982 0.42 
2983 0.42 
2984 0.42 
2985 0.42 
2986 0.42 
2987 0.42 
2988 0.42 
2989 0.42 
2990 0.42 
2991 0.42 
2992 0.42 
2993 0.42 
2994 0.42 
2995 0.42 
2996 0.42 
2997 0.42 
2998 0.42 
2999 0.42 
3000 0.42 
3001 0.42 
3002 0.42 
3003 0.42 
3004 0.42 
3005 0.42 
3006 0.42 
3007 0.42 
3008 0.42 
3009 0.42 
3010 0.42 
3011 0.42 
3012 0.42 
3013 0.42 
3014 0.42 
3015 0.41 
3016 0.41 
3017 0.41 
3018 0.41 
3019 0.41 
3020 0.41 
3021 0.41 
3022 0.41 
3023 0.41 
3024 0.41 
3025 0.41 
3026 0.41 
3027 0.41 
3028 0.41 
3029 0.41 
3030 0.41 
3031 0.41 
3032 0.41 
3033 0.41 
3034 0.41 
3035 0.41 
3036 0.41 
3037 0.41 
3038 0.41 
3039 0.41 
3040 0.41 
3041 0.41 
3042 0.41 
3043 0.41 
3044 0.41 
3045 0.41 
3046 0.41 
3047 0.41 
3048 0.41 
3049 0.41 
3050 0.41 
3051 0.41 
3052 0.41 
3053 0.41 
3054 0.41 
3055 0.41 
3056 0.41 
3057 0.41 
3058 0.41 
3059 0.41 
3060 0.41 
3061 0.41 
3062 0.41 
3063 0.41 
3064 0.41 
3065 0.41 
3066 0.41 
3067 0.41 
3068 0.41 
3069 0.41 
3070 0.41 
3071 0.40 
3072 0.40 
3073 0.40 
3074 0.40 
3075 0.40 
3076 0.40 
3077 0.40 
3078 0.40 
3079 0.40 
3080 0.40 
3081 0.40 
3082 0.40 
3083 0.40 
3084 0.40 
3085 0.40 
3086 0.40 
3087 0.40 
3088 0.40 
3089 0.40 
3090 0.40 
3091 0.40 
3092 0.40 
3093 0.40 
3094 0.40 
3095 0.40 
3096 0.40 
3097 0.40 
3098 0.40 
3099 0.40 
3100 0.40 
3101 0.40 
3102 0.40 
3103 0.40 
3104 0.40 
3105 0.40 
3106 0.40 
3107 0.40 
3108 0.40 
3109 0.40 
3110 0.40 
3111 0.40 
3112 0.40 
3113 0.40 
3114 0.40 
3115 0.40 
3116 0.40 
3117 0.40 
3118 0.40 
3119 0.40 
3120 0.40 
3121 0.40 
3122 0.40 
3123 0.40 
3124 0.40 
3125 0.40 
3126 0.40 
3127 0.40 
3128 0.40 
3129 0.40 
3130 0.39 
3131 0.39 
3132 0.39 
3133 0.39 
3134 0.39 
3135 0.39 
3136 0.39 
3137 0.39 
3138 0.39 
3139 0.39 
3140 0.39 
3141 0.39 
3142 0.39 
3143 0.39 
3144 0.39 
3145 0.39 
3146 0.39 
3147 0.39 
3148 0.39 
3149 0.39 
3150 0.39 
3151 0.39 
3152 0.39 
3153 0.39 
3154 0.39 
3155 0.39 
3156 0.39 
3157 0.39 
3158 0.39 
3159 0.39 
3160 0.39 
3161 0.39 
3162 0.39 
3163 0.39 
3164 0.39 
3165 0.39 
3166 0.39 
3167 0.39 
3168 0.39 
3169 0.39 
3170 0.39 
3171 0.39 
3172 0.39 
3173 0.39 
3174 0.39 
3175 0.39 
3176 0.39 
3177 0.39 
3178 0.39 
3179 0.39 
3180 0.39 
3181 0.39 
3182 0.39 
3183 0.39 
3184 0.39 
3185 0.39 
3186 0.39 
3187 0.39 
3188 0.39 
3189 0.39 
3190 0.39 
3191 0.39 
3192 0.39 
3193 0.38 
3194 0.38 
3195 0.38 
3196 0.38 
3197 0.38 
3198 0.38 
3199 0.38 
3200 0.38 
3201 0.38 
3202 0.38 
3203 0.38 
3204 0.38 
3205 0.38 
3206 0.38 
3207 0.38 
3208 0.38 
3209 0.38 
3210 0.38 
3211 0.38 
3212 0.38 
3213 0.38 
3214 0.38 
3215 0.38 
3216 0.38 
3217 0.38 
3218 0.38 
3219 0.38 
3220 0.38 
3221 0.38 
3222 0.38 
3223 0.38 
3224 0.38 
3225 0.38 
3226 0.38 
3227 0.38 
3228 0.38 
3229 0.38 
3230 0.38 
3231 0.38 
3232 0.38 
3233 0.38 
3234 0.38 
3235 0.38 
3236 0.38 
3237 0.38 
3238 0.38 
3239 0.38 
3240 0.38 
3241 0.38 
3242 0.38 
3243 0.38 
3244 0.38 
3245 0.38 
3246 0.38 
3247 0.38 
3248 0.38 
3249 0.38 
3250 0.38 
3251 0.38 
3252 0.38 
3253 0.38 
3254 0.38 
3255 0.38 
3256 0.38 
3257 0.38 
3258 0.38 
3259 0.38 
3260 0.37 
3261 0.37 
3262 0.37 
3263 0.37 
3264 0.37 
3265 0.37 
3266 0.37 
3267 0.37 
3268 0.37 
3269 0.37 
3270 0.37 
3271 0.37 
3272 0.37 
3273 0.37 
3274 0.37 
3275 0.37 
3276 0.37 
3277 0.37 
3278 0.37 
3279 0.37 
3280 0.37 
3281 0.37 
3282 0.37 
3283 0.37 
3284 0.37 
3285 0.37 
3286 0.37 
3287 0.37 
3288 0.37 
3289 0.37 
3290 0.37 
3291 0.37 
3292 0.37 
3293 0.37 
3294 0.37 
3295 0.37 
3296 0.37 
3297 0.37 
3298 0.37 
3299 0.37 
3300 0.37 
3301 0.37 
3302 0.37 
3303 0.37 
3304 0.37 
3305 0.37 
3306 0.37 
3307 0.37 
3308 0.37 
3309 0.37 
3310 0.37 
3311 0.37 
3312 0.37 
3313 0.37 
3314 0.37 
3315 0.37 
3316 0.37 
3317 0.37 
3318 0.37 
3319 0.37 
3320 0.37 
3321 0.37 
3322 0.37 
3323 0.37 
3324 0.37 
3325 0.37 
3326 0.37 
3327 0.37 
3328 0.37 
3329 0.37 
3330 0.37 
3331 0.36 
3332 0.36 
3333 0.36 
3334 0.36 
3335 0.36 
3336 0.36 
3337 0.36 
3338 0.36 
3339 0.36 
3340 0.36 
3341 0.36 
3342 0.36 
3343 0.36 
3344 0.36 
3345 0.36 
3346 0.36 
3347 0.36 
3348 0.36 
3349 0.36 
3350 0.36 
3351 0.36 
3352 0.36 
3353 0.36 
3354 0.36 
3355 0.36 
3356 0.36 
3357 0.36 
3358 0.36 
3359 0.36 
3360 0.36 
3361 0.36 
3362 0.36 
3363 0.36 
3364 0.36 
3365 0.36 
3366 0.36 
3367 0.36 
3368 0.36 
3369 0.36 
3370 0.36 
3371 0.36 
3372 0.36 
3373 0.36 
3374 0.36 
3375 0.36 
3376 0.36 
3377 0.36 
3378 0.36 
3379 0.36 
3380 0.36 
3381 0.36 
3382 0.36 
3383 0.36 
3384 0.36 
3385 0.36 
3386 0.36 
3387 0.36 
3388 0.36 
3389 0.36 
3390 0.36 
3391 0.36 
3392 0.36 
3393 0.36 
3394 0.36 
3395 0.36 
3396 0.36 
3397 0.36 
3398 0.36 
3399 0.36 
3400 0.36 
3401 0.36 
3402 0.36 
3403 0.36 
3404 0.35 
3405 0.35 
3406 0.35 
3407 0.35 
3408 0.35 
3409 0.35 
3410 0.35 
3411 0.35 
3412 0.35 
3413 0.35 
3414 0.35 
3415 0.35 
3416 0.35 
3417 0.35 
3418 0.35 
3419 0.35 
3420 0.35 
3421 0.35 
3422 0.35 
3423 0.35 
3424 0.35 
3425 0.35 
3426 0.35 
3427 0.35 
3428 0.35 
3429 0.35 
3430 0.35 
3431 0.35 
3432 0.35 
3433 0.35 
3434 0.35 
3435 0.35 
3436 0.35 
3437 0.35 
3438 0.35 
3439 0.35 
3440 0.35 
3441 0.35 
3442 0.35 
3443 0.35 
3444 0.35 
3445 0.35 
3446 0.35 
3447 0.35 
3448 0.35 
3449 0.35 
3450 0.35 
3451 0.35 
3452 0.35 
3453 0.35 
3454 0.35 
3455 0.35 
3456 0.35 
3457 0.35 
3458 0.35 
3459 0.35 
3460 0.35 
3461 0.35 
3462 0.35 
3463 0.35 
3464 0.35 
3465 0.35 
3466 0.35 
3467 0.35 
3468 0.35 
3469 0.35 
3470 0.35 
3471 0.35 
3472 0.35 
3473 0.35 
3474 0.35 
3475 0.35 
3476 0.35 
3477 0.35 
3478 0.35 
3479 0.35 
3480 0.35 
3481 0.35 
3482 0.35 
3483 0.35 
3484 0.34 
3485 0.34 
3486 0.34 
3487 0.34 
3488 0.34 
3489 0.34 
3490 0.34 
3491 0.34 
3492 0.34 
3493 0.34 
3494 0.34 
3495 0.34 
3496 0.34 
3497 0.34 
3498 0.34 
3499 0.34 
3500 0.34 
3501 0.34 
3502 0.34 
3503 0.34 
3504 0.34 
3505 0.34 
3506 0.34 
3507 0.34 
3508 0.34 
3509 0.34 
3510 0.34 
3511 0.34 
3512 0.34 
3513 0.34 
3514 0.34 
3515 0.34 
3516 0.34 
3517 0.34 
3518 0.34 
3519 0.34 
3520 0.34 
3521 0.34 
3522 0.34 
3523 0.34 
3524 0.34 
3525 0.34 
3526 0.34 
3527 0.34 
3528 0.34 
3529 0.34 
3530 0.34 
3531 0.34 
3532 0.34 
3533 0.34 
3534 0.34 
3535 0.34 
3536 0.34 
3537 0.34 
3538 0.34 
3539 0.34 
3540 0.34 
3541 0.34 
3542 0.34 
3543 0.34 
3544 0.34 
3545 0.34 
3546 0.34 
3547 0.34 
3548 0.34 
3549 0.34 
3550 0.34 
3551 0.34 
3552 0.34 
3553 0.34 
3554 0.34 
3555 0.34 
3556 0.34 
3557 0.34 
3558 0.34 
3559 0.34 
3560 0.34 
3561 0.34 
3562 0.34 
3563 0.34 
3564 0.34 
3565 0.34 
3566 0.34 
3567 0.34 
3568 0.34 
3569 0.33 
3570 0.33 
3571 0.33 
3572 0.33 
3573 0.33 
3574 0.33 
3575 0.33 
3576 0.33 
3577 0.33 
3578 0.33 
3579 0.33 
3580 0.33 
3581 0.33 
3582 0.33 
3583 0.33 
3584 0.33 
3585 0.33 
3586 0.33 
3587 0.33 
3588 0.33 
3589 0.33 
3590 0.33 
3591 0.33 
3592 0.33 
3593 0.33 
3594 0.33 
3595 0.33 
3596 0.33 
3597 0.33 
3598 0.33 
3599 0.33 
3600 0.33 
3601 0.33 
3602 0.33 
3603 0.33 
3604 0.33 
3605 0.33 
3606 0.33 
3607 0.33 
3608 0.33 
3609 0.33 
3610 0.33 
3611 0.33 
3612 0.33 
3613 0.33 
3614 0.33 
3615 0.33 
3616 0.33 
3617 0.33 
3618 0.33 
3619 0.33 
3620 0.33 
3621 0.33 
3622 0.33 
3623 0.33 
3624 0.33 
3625 0.33 
3626 0.33 
3627 0.33 
3628 0.33 
3629 0.33 
3630 0.33 
3631 0.33 
3632 0.33 
3633 0.33 
3634 0.33 
3635 0.33 
3636 0.33 
3637 0.33 
3638 0.33 
3639 0.33 
3640 0.33 
3641 0.33 
3642 0.33 
3643 0.33 
3644 0.33 
3645 0.33 
3646 0.33 
3647 0.33 
3648 0.33 
3649 0.33 
3650 0.33 
3651 0.33 
3652 0.33 
3653 0.33 
3654 0.33 
3655 0.33 
3656 0.33 
3657 0.33 
3658 0.33 
3659 0.32 
3660 0.32 
3661 0.32 
3662 0.32 
3663 0.32 
3664 0.32 
3665 0.32 
3666 0.32 
3667 0.32 
3668 0.32 
3669 0.32 
3670 0.32 
3671 0.32 
3672 0.32 
3673 0.32 
3674 0.32 
3675 0.32 
3676 0.32 
3677 0.32 
3678 0.32 
3679 0.32 
3680 0.32 
3681 0.32 
3682 0.32 
3683 0.32 
3684 0.32 
3685 0.32 
3686 0.32 
3687 0.32 
3688 0.32 
3689 0.32 
3690 0.32 
3691 0.32 
3692 0.32 
3693 0.32 
3694 0.32 
3695 0.32 
3696 0.32 
3697 0.32 
3698 0.32 
3699 0.32 
3700 0.32 
3701 0.32 
3702 0.32 
3703 0.32 
3704 0.32 
3705 0.32 
3706 0.32 
3707 0.32 
3708 0.32 
3709 0.32 
3710 0.32 
3711 0.32 
3712 0.32 
3713 0.32 
3714 0.32 
3715 0.32 
3716 0.32 
3717 0.32 
3718 0.32 
3719 0.32 
3720 0.32 
3721 0.32 
3722 0.32 
3723 0.32 
3724 0.32 
3725 0.32 
3726 0.32 
3727 0.32 
3728 0.32 
3729 0.32 
3730 0.32 
3731 0.32 
3732 0.32 
3733 0.32 
3734 0.32 
3735 0.32 
3736 0.32 
3737 0.32 
3738 0.32 
3739 0.32 
3740 0.32 
3741 0.32 
3742 0.32 
3743 0.32 
3744 0.32 
3745 0.32 
3746 0.32 
3747 0.32 
3748 0.32 
3749 0.32 
3750 0.32 
3751 0.32 
3752 0.32 
3753 0.32 
3754 0.32 
3755 0.32 
3756 0.32 
3757 0.32 
3758 0.32 
3759 0.31 
3760 0.31 
3761 0.31 
3762 0.31 
3763 0.31 
3764 0.31 
3765 0.31 
3766 0.31 
3767 0.31 
3768 0.31 
3769 0.31 
3770 0.31 
3771 0.31 
3772 0.31 
3773 0.31 
3774 0.31 
3775 0.31 
3776 0.31 
3777 0.31 
3778 0.31 
3779 0.31 
3780 0.31 
3781 0.31 
3782 0.31 
3783 0.31 
3784 0.31 
3785 0.31 
3786 0.31 
3787 0.31 
3788 0.31 
3789 0.31 
3790 0.31 
3791 0.31 
3792 0.31 
3793 0.31 
3794 0.31 
3795 0.31 
3796 0.31 
3797 0.31 
3798 0.31 
3799 0.31 
3800 0.31 
3801 0.31 
3802 0.31 
3803 0.31 
3804 0.31 
3805 0.31 
3806 0.31 
3807 0.31 
3808 0.31 
3809 0.31 
3810 0.31 
3811 0.31 
3812 0.31 
3813 0.31 
3814 0.31 
3815 0.31 
3816 0.31 
3817 0.31 
3818 0.31 
3819 0.31 
3820 0.31 
3821 0.31 
3822 0.31 
3823 0.31 
3824 0.31 
3825 0.31 
3826 0.31 
3827 0.31 
3828 0.31 
3829 0.31 
3830 0.31 
3831 0.31 
3832 0.31 
3833 0.31 
3834 0.31 
3835 0.31 
3836 0.31 
3837 0.31 
3838 0.31 
3839 0.31 
3840 0.31 
3841 0.31 
3842 0.31 
3843 0.31 
3844 0.31 
3845 0.31 
3846 0.31 
3847 0.31 
3848 0.31 
3849 0.31 
3850 0.31 
3851 0.31 
3852 0.31 
3853 0.31 
3854 0.31 
3855 0.31 
3856 0.31 
3857 0.31 
3858 0.31 
3859 0.31 
3860 0.30 
3861 0.30 
3862 0.30 
3863 0.30 
3864 0.30 
3865 0.30 
3866 0.30 
3867 0.30 
3868 0.30 
3869 0.30 
3870 0.30 
3871 0.30 
3872 0.30 
3873 0.30 
3874 0.30 
3875 0.30 
3876 0.30 
3877 0.30 
3878 0.30 
3879 0.30 
3880 0.30 
3881 0.30 
3882 0.30 
3883 0.30 
3884 0.30 
3885 0.30 
3886 0.30 
3887 0.30 
3888 0.30 
3889 0.30 
3890 0.30 
3891 0.30 
3892 0.30 
3893 0.30 
3894 0.30 
3895 0.30 
3896 0.30 
3897 0.30 
3898 0.30 
3899 0.30 
3900 0.30 
3901 0.30 
3902 0.30 
3903 0.30 
3904 0.30 
3905 0.30 
3906 0.30 
3907 0.30 
3908 0.30 
3909 0.30 
3910 0.30 
3911 0.30 
3912 0.30 
3913 0.30 
3914 0.30 
3915 0.30 
3916 0.30 
3917 0.30 
3918 0.30 
3919 0.30 
3920 0.30 
3921 0.30 
3922 0.30 
3923 0.30 
3924 0.30 
3925 0.30 
3926 0.30 
3927 0.30 
3928 0.30 
3929 0.30 
3930 0.30 
3931 0.30 
3932 0.30 
3933 0.30 
3934 0.30 
3935 0.30 
3936 0.30 
3937 0.30 
3938 0.30 
3939 0.30 
3940 0.30 
3941 0.30 
3942 0.30 
3943 0.30 
3944 0.30 
3945 0.30 
3946 0.30 
3947 0.30 
3948 0.30 
3949 0.30 
3950 0.30 
3951 0.30 
3952 0.30 
3953 0.30 
3954 0.30 
3955 0.30 
3956 0.30 
3957 0.30 
3958 0.30 
3959 0.30 
3960 0.30 
3961 0.30 
3962 0.30 
3963 0.30 
3964 0.30 
3965 0.30 
3966 0.29 
3967 0.29 
3968 0.29 
3969 0.29 
3970 0.29 
3971 0.29 
3972 0.29 
3973 0.29 
3974 0.29 
3975 0.29 
3976 0.29 
3977 0.29 
3978 0.29 
3979 0.29 
3980 0.29 
3981 0.29 
3982 0.29 
3983 0.29 
3984 0.29 
3985 0.29 
3986 0.29 
3987 0.29 
3988 0.29 
3989 0.29 
3990 0.29 
3991 0.29 
3992 0.29 
3993 0.29 
3994 0.29 
3995 0.29 
3996 0.29 
3997 0.29 
3998 0.29 
3999 0.29 
4000 0.29 
4001 0.29 
4002 0.29 
4003 0.29 
4004 0.29 
4005 0.29 
4006 0.29 
4007 0.29 
4008 0.29 
4009 0.29 
4010 0.29 
4011 0.29 
4012 0.29 
4013 0.29 
4014 0.29 
4015 0.29 
4016 0.29 
4017 0.29 
4018 0.29 
4019 0.29 
4020 0.29 
4021 0.29 
4022 0.29 
4023 0.29 
4024 0.29 
4025 0.29 
4026 0.29 
4027 0.29 
4028 0.29 
4029 0.29 
4030 0.29 
4031 0.29 
4032 0.29 
4033 0.29 
4034 0.29 
4035 0.29 
4036 0.29 
4037 0.29 
4038 0.29 
4039 0.29 
4040 0.29 
4041 0.29 
4042 0.29 
4043 0.29 
4044 0.29 
4045 0.29 
4046 0.29 
4047 0.29 
4048 0.29 
4049 0.29 
4050 0.29 
4051 0.29 
4052 0.29 
4053 0.29 
4054 0.29 
4055 0.29 
4056 0.29 
4057 0.29 
4058 0.29 
4059 0.29 
4060 0.29 
4061 0.29 
4062 0.29 
4063 0.29 
4064 0.29 
4065 0.29 
4066 0.29 
4067 0.29 
4068 0.29 
4069 0.29 
4070 0.29 
4071 0.29 
4072 0.29 
4073 0.29 
4074 0.29 
4075 0.29 
4076 0.29 
4077 0.29 
4078 0.29 
4079 0.29 
4080 0.29 
4081 0.29 
4082 0.29 
4083 0.29 
4084 0.29 
4085 0.29 
4086 0.28 
4087 0.28 
4088 0.28 
4089 0.28 
4090 0.28 
4091 0.28 
4092 0.28 
4093 0.28 
4094 0.28 
4095 0.28 
4096 0.28 
4097 0.28 
4098 0.28 
4099 0.28 
4100 0.28 
4101 0.28 
4102 0.28 
4103 0.28 
4104 0.28 
4105 0.28 
4106 0.28 
4107 0.28 
4108 0.28 
4109 0.28 
4110 0.28 
4111 0.28 
4112 0.28 
4113 0.28 
4114 0.28 
4115 0.28 
4116 0.28 
4117 0.28 
4118 0.28 
4119 0.28 
4120 0.28 
4121 0.28 
4122 0.28 
4123 0.28 
4124 0.28 
4125 0.28 
4126 0.28 
4127 0.28 
4128 0.28 
4129 0.28 
4130 0.28 
4131 0.28 
4132 0.28 
4133 0.28 
4134 0.28 
4135 0.28 
4136 0.28 
4137 0.28 
4138 0.28 
4139 0.28 
4140 0.28 
4141 0.28 
4142 0.28 
4143 0.28 
4144 0.28 
4145 0.28 
4146 0.28 
4147 0.28 
4148 0.28 
4149 0.28 
4150 0.28 
4151 0.28 
4152 0.28 
4153 0.28 
4154 0.28 
4155 0.28 
4156 0.28 
4157 0.28 
4158 0.28 
4159 0.28 
4160 0.28 
4161 0.28 
4162 0.28 
4163 0.28 
4164 0.28 
4165 0.28 
4166 0.28 
4167 0.28 
4168 0.28 
4169 0.28 
4170 0.28 
4171 0.28 
4172 0.28 
4173 0.28 
4174 0.28 
4175 0.28 
4176 0.28 
4177 0.28 
4178 0.28 
4179 0.28 
4180 0.28 
4181 0.28 
4182 0.28 
4183 0.28 
4184 0.28 
4185 0.28 
4186 0.28 
4187 0.28 
4188 0.28 
4189 0.28 
4190 0.28 
4191 0.28 
4192 0.28 
4193 0.28 
4194 0.28 
4195 0.28 
4196 0.28 
4197 0.28 
4198 0.28 
4199 0.28 
4200 0.28 
4201 0.28 
4202 0.28 
4203 0.28 
4204 0.28 
4205 0.28 
4206 0.27 
4207 0.27 
4208 0.27 
4209 0.27 
4210 0.27 
4211 0.27 
4212 0.27 
4213 0.27 
4214 0.27 
4215 0.27 
4216 0.27 
4217 0.27 
4218 0.27 
4219 0.27 
4220 0.27 
4221 0.27 
4222 0.27 
4223 0.27 
4224 0.27 
4225 0.27 
4226 0.27 
4227 0.27 
4228 0.27 
4229 0.27 
4230 0.27 
4231 0.27 
4232 0.27 
4233 0.27 
4234 0.27 
4235 0.27 
4236 0.27 
4237 0.27 
4238 0.27 
4239 0.27 
4240 0.27 
4241 0.27 
4242 0.27 
4243 0.27 
4244 0.27 
4245 0.27 
4246 0.27 
4247 0.27 
4248 0.27 
4249 0.27 
4250 0.27 
4251 0.27 
4252 0.27 
4253 0.27 
4254 0.27 
4255 0.27 
4256 0.27 
4257 0.27 
4258 0.27 
4259 0.27 
4260 0.27 
4261 0.27 
4262 0.27 
4263 0.27 
4264 0.27 
4265 0.27 
4266 0.27 
4267 0.27 
4268 0.27 
4269 0.27 
4270 0.27 
4271 0.27 
4272 0.27 
4273 0.27 
4274 0.27 
4275 0.27 
4276 0.27 
4277 0.27 
4278 0.27 
4279 0.27 
4280 0.27 
4281 0.27 
4282 0.27 
4283 0.27 
4284 0.27 
4285 0.27 
4286 0.27 
4287 0.27 
4288 0.27 
4289 0.27 
4290 0.27 
4291 0.27 
4292 0.27 
4293 0.27 
4294 0.27 
4295 0.27 
4296 0.27 
4297 0.27 
4298 0.27 
4299 0.27 
4300 0.27 
4301 0.27 
4302 0.27 
4303 0.27 
4304 0.27 
4305 0.27 
4306 0.27 
4307 0.27 
4308 0.27 
4309 0.27 
4310 0.27 
4311 0.27 
4312 0.27 
4313 0.27 
4314 0.27 
4315 0.27 
4316 0.27 
4317 0.27 
4318 0.27 
4319 0.27 
4320 0.27 
4321 0.27 
4322 0.27 
4323 0.27 
4324 0.27 
4325 0.27 
4326 0.27 
4327 0.27 
4328 0.27 
4329 0.27 
4330 0.27 
4331 0.27 
4332 0.27 
4333 0.27 
4334 0.27 
4335 0.27 
4336 0.27 
4337 0.27 
4338 0.27 
4339 0.27 
4340 0.27 
4341 0.27 
4342 0.26 
4343 0.26 
4344 0.26 
4345 0.26 
4346 0.26 
4347 0.26 
4348 0.26 
4349 0.26 
4350 0.26 
4351 0.26 
4352 0.26 
4353 0.26 
4354 0.26 
4355 0.26 
4356 0.26 
4357 0.26 
4358 0.26 
4359 0.26 
4360 0.26 
4361 0.26 
4362 0.26 
4363 0.26 
4364 0.26 
4365 0.26 
4366 0.26 
4367 0.26 
4368 0.26 
4369 0.26 
4370 0.26 
4371 0.26 
4372 0.26 
4373 0.26 
4374 0.26 
4375 0.26 
4376 0.26 
4377 0.26 
4378 0.26 
4379 0.26 
4380 0.26 
4381 0.26 
4382 0.26 
4383 0.26 
4384 0.26 
4385 0.26 
4386 0.26 
4387 0.26 
4388 0.26 
4389 0.26 
4390 0.26 
4391 0.26 
4392 0.26 
4393 0.26 
4394 0.26 
4395 0.26 
4396 0.26 
4397 0.26 
4398 0.26 
4399 0.26 
4400 0.26 
4401 0.26 
4402 0.26 
4403 0.26 
4404 0.26 
4405 0.26 
4406 0.26 
4407 0.26 
4408 0.26 
4409 0.26 
4410 0.26 
4411 0.26 
4412 0.26 
4413 0.26 
4414 0.26 
4415 0.26 
4416 0.26 
4417 0.26 
4418 0.26 
4419 0.26 
4420 0.26 
4421 0.26 
4422 0.26 
4423 0.26 
4424 0.26 
4425 0.26 
4426 0.26 
4427 0.26 
4428 0.26 
4429 0.26 
4430 0.26 
4431 0.26 
4432 0.26 
4433 0.26 
4434 0.26 
4435 0.26 
4436 0.26 
4437 0.26 
4438 0.26 
4439 0.26 
4440 0.26 
4441 0.26 
4442 0.26 
4443 0.26 
4444 0.26 
4445 0.26 
4446 0.26 
4447 0.26 
4448 0.26 
4449 0.26 
4450 0.26 
4451 0.26 
4452 0.26 
4453 0.26 
4454 0.26 
4455 0.26 
4456 0.26 
4457 0.26 
4458 0.26 
4459 0.26 
4460 0.26 
4461 0.26 
4462 0.26 
4463 0.26 
4464 0.26 
4465 0.26 
4466 0.26 
4467 0.26 
4468 0.26 
4469 0.26 
4470 0.26 
4471 0.26 
4472 0.26 
4473 0.26 
4474 0.26 
4475 0.26 
4476 0.26 
4477 0.26 
4478 0.26 
4479 0.26 
4480 0.26 
4481 0.26 
4482 0.26 
4483 0.26 
4484 0.26 
4485 0.26 
4486 0.26 
4487 0.26 
4488 0.26 
4489 0.26 
4490 0.26 
4491 0.26 
4492 0.26 
4493 0.26 
4494 0.26 
4495 0.25 
4496 0.25 
4497 0.25 
4498 0.25 
4499 0.25 
4500 0.25 
4501 0.25 
4502 0.25 
4503 0.25 
4504 0.25 
4505 0.25 
4506 0.25 
4507 0.25 
4508 0.25 
4509 0.25 
4510 0.25 
4511 0.25 
4512 0.25 
4513 0.25 
4514 0.25 
4515 0.25 
4516 0.25 
4517 0.25 
4518 0.25 
4519 0.25 
4520 0.25 
4521 0.25 
4522 0.25 
4523 0.25 
4524 0.25 
4525 0.25 
4526 0.25 
4527 0.25 
4528 0.25 
4529 0.25 
4530 0.25 
4531 0.25 
4532 0.25 
4533 0.25 
4534 0.25 
4535 0.25 
4536 0.25 
4537 0.25 
4538 0.25 
4539 0.25 
4540 0.25 
4541 0.25 
4542 0.25 
4543 0.25 
4544 0.25 
4545 0.25 
4546 0.25 
4547 0.25 
4548 0.25 
4549 0.25 
4550 0.25 
4551 0.25 
4552 0.25 
4553 0.25 
4554 0.25 
4555 0.25 
4556 0.25 
4557 0.25 
4558 0.25 
4559 0.25 
4560 0.25 
4561 0.25 
4562 0.25 
4563 0.25 
4564 0.25 
4565 0.25 
4566 0.25 
4567 0.25 
4568 0.25 
4569 0.25 
4570 0.25 
4571 0.25 
4572 0.25 
4573 0.25 
4574 0.25 
4575 0.25 
4576 0.25 
4577 0.25 
4578 0.25 
4579 0.25 
4580 0.25 
4581 0.25 
4582 0.25 
4583 0.25 
4584 0.25 
4585 0.25 
4586 0.25 
4587 0.25 
4588 0.25 
4589 0.25 
4590 0.25 
4591 0.25 
4592 0.25 
4593 0.25 
4594 0.25 
4595 0.25 
4596 0.25 
4597 0.25 
4598 0.25 
4599 0.25 
4600 0.25 
4601 0.25 
4602 0.25 
4603 0.25 
4604 0.25 
4605 0.25 
4606 0.25 
4607 0.25 
4608 0.25 
4609 0.25 
4610 0.25 
4611 0.25 
4612 0.25 
4613 0.25 
4614 0.25 
4615 0.25 
4616 0.25 
4617 0.25 
4618 0.25 
4619 0.25 
4620 0.25 
4621 0.25 
4622 0.25 
4623 0.25 
4624 0.25 
4625 0.25 
4626 0.25 
4627 0.25 
4628 0.25 
4629 0.25 
4630 0.25 
4631 0.25 
4632 0.25 
4633 0.25 
4634 0.25 
4635 0.25 
4636 0.25 
4637 0.25 
4638 0.25 
4639 0.25 
4640 0.25 
4641 0.25 
4642 0.25 
4643 0.25 
4644 0.25 
4645 0.25 
4646 0.25 
4647 0.25 
4648 0.25 
4649 0.25 
4650 0.25 
4651 0.25 
4652 0.25 
4653 0.25 
4654 0.25 
4655 0.25 
4656 0.25 
4657 0.25 
4658 0.25 
4659 0.25 
4660 0.25 
4661 0.25 
4662 0.25 
4663 0.25 
4664 0.24 
4665 0.24 
4666 0.24 
4667 0.24 
4668 0.24 
4669 0.24 
4670 0.24 
4671 0.24 
4672 0.24 
4673 0.24 
4674 0.24 
4675 0.24 
4676 0.24 
4677 0.24 
4678 0.24 
4679 0.24 
4680 0.24 
4681 0.24 
4682 0.24 
4683 0.24 
4684 0.24 
4685 0.24 
4686 0.24 
4687 0.24 
4688 0.24 
4689 0.24 
4690 0.24 
4691 0.24 
4692 0.24 
4693 0.24 
4694 0.24 
4695 0.24 
4696 0.24 
4697 0.24 
4698 0.24 
4699 0.24 
4700 0.24 
4701 0.24 
4702 0.24 
4703 0.24 
4704 0.24 
4705 0.24 
4706 0.24 
4707 0.24 
4708 0.24 
4709 0.24 
4710 0.24 
4711 0.24 
4712 0.24 
4713 0.24 
4714 0.24 
4715 0.24 
4716 0.24 
4717 0.24 
4718 0.24 
4719 0.24 
4720 0.24 
4721 0.24 
4722 0.24 
4723 0.24 
4724 0.24 
4725 0.24 
4726 0.24 
4727 0.24 
4728 0.24 
4729 0.24 
4730 0.24 
4731 0.24 
4732 0.24 
4733 0.24 
4734 0.24 
4735 0.24 
4736 0.24 
4737 0.24 
4738 0.24 
4739 0.24 
4740 0.24 
4741 0.24 
4742 0.24 
4743 0.24 
4744 0.24 
4745 0.24 
4746 0.24 
4747 0.24 
4748 0.24 
4749 0.24 
4750 0.24 
4751 0.24 
4752 0.24 
4753 0.24 
4754 0.24 
4755 0.24 
4756 0.24 
4757 0.24 
4758 0.24 
4759 0.24 
4760 0.24 
4761 0.24 
4762 0.24 
4763 0.24 
4764 0.24 
4765 0.24 
4766 0.24 
4767 0.24 
4768 0.24 
4769 0.24 
4770 0.24 
4771 0.24 
4772 0.24 
4773 0.24 
4774 0.24 
4775 0.24 
4776 0.24 
4777 0.24 
4778 0.24 
4779 0.24 
4780 0.24 
4781 0.24 
4782 0.24 
4783 0.24 
4784 0.24 
4785 0.24 
4786 0.24 
4787 0.24 
4788 0.24 
4789 0.24 
4790 0.24 
4791 0.24 
4792 0.24 
4793 0.24 
4794 0.24 
4795 0.24 
4796 0.24 
4797 0.24 
4798 0.24 
4799 0.24 
4800 0.24 
4801 0.24 
4802 0.24 
4803 0.24 
4804 0.24 
4805 0.24 
4806 0.24 
4807 0.24 
4808 0.24 
4809 0.24 
4810 0.24 
4811 0.24 
4812 0.24 
4813 0.24 
4814 0.24 
4815 0.24 
4816 0.24 
4817 0.24 
4818 0.24 
4819 0.24 
4820 0.24 
4821 0.24 
4822 0.24 
4823 0.24 
4824 0.24 
4825 0.24 
4826 0.24 
4827 0.24 
4828 0.24 
4829 0.24 
4830 0.24 
4831 0.24 
4832 0.24 
4833 0.24 
4834 0.24 
4835 0.24 
4836 0.24 
4837 0.24 
4838 0.24 
4839 0.24 
4840 0.24 
4841 0.24 
4842 0.24 
4843 0.24 
4844 0.24 
4845 0.24 
4846 0.24 
4847 0.23 
4848 0.23 
4849 0.23 
4850 0.23 
4851 0.23 
4852 0.23 
4853 0.23 
4854 0.23 
4855 0.23 
4856 0.23 
4857 0.23 
4858 0.23 
4859 0.23 
4860 0.23 
4861 0.23 
4862 0.23 
4863 0.23 
4864 0.23 
4865 0.23 
4866 0.23 
4867 0.23 
4868 0.23 
4869 0.23 
4870 0.23 
4871 0.23 
4872 0.23 
4873 0.23 
4874 0.23 
4875 0.23 
4876 0.23 
4877 0.23 
4878 0.23 
4879 0.23 
4880 0.23 
4881 0.23 
4882 0.23 
4883 0.23 
4884 0.23 
4885 0.23 
4886 0.23 
4887 0.23 
4888 0.23 
4889 0.23 
4890 0.23 
4891 0.23 
4892 0.23 
4893 0.23 
4894 0.23 
4895 0.23 
4896 0.23 
4897 0.23 
4898 0.23 
4899 0.23 
4900 0.23 
4901 0.23 
4902 0.23 
4903 0.23 
4904 0.23 
4905 0.23 
4906 0.23 
4907 0.23 
4908 0.23 
4909 0.23 
4910 0.23 
4911 0.23 
4912 0.23 
4913 0.23 
4914 0.23 
4915 0.23 
4916 0.23 
4917 0.23 
4918 0.23 
4919 0.23 
4920 0.23 
4921 0.23 
4922 0.23 
4923 0.23 
4924 0.23 
4925 0.23 
4926 0.23 
4927 0.23 
4928 0.23 
4929 0.23 
4930 0.23 
4931 0.23 
4932 0.23 
4933 0.23 
4934 0.23 
4935 0.23 
4936 0.23 
4937 0.23 
4938 0.23 
4939 0.23 
4940 0.23 
4941 0.23 
4942 0.23 
4943 0.23 
4944 0.23 
4945 0.23 
4946 0.23 
4947 0.23 
4948 0.23 
4949 0.23 
4950 0.23 
4951 0.23 
4952 0.23 
4953 0.23 
4954 0.23 
4955 0.23 
4956 0.23 
4957 0.23 
4958 0.23 
4959 0.23 
4960 0.23 
4961 0.23 
4962 0.23 
4963 0.23 
4964 0.23 
4965 0.23 
4966 0.23 
4967 0.23 
4968 0.23 
4969 0.23 
4970 0.23 
4971 0.23 
4972 0.23 
4973 0.23 
4974 0.23 
4975 0.23 
4976 0.23 
4977 0.23 
4978 0.23 
4979 0.23 
4980 0.23 
4981 0.23 
4982 0.23 
4983 0.23 
4984 0.23 
4985 0.23 
4986 0.23 
4987 0.23 
4988 0.23 
4989 0.23 
4990 0.23 
4991 0.23 
4992 0.23 
4993 0.23 
4994 0.23 
4995 0.23 
4996 0.23 
4997 0.23 
4998 0.23 
4999 0.23 
5000 0.23 
5001 0.23 
5002 0.23 
5003 0.23 
5004 0.23 
5005 0.23 
5006 0.23 
5007 0.23 
5008 0.23 
5009 0.23 
5010 0.23 
5011 0.23 
5012 0.23 
5013 0.23 
5014 0.23 
5015 0.23 
5016 0.23 
5017 0.23 
5018 0.23 
5019 0.23 
5020 0.23 
5021 0.23 
5022 0.23 
5023 0.23 
5024 0.23 
5025 0.23 
5026 0.23 
5027 0.23 
5028 0.23 
5029 0.23 
5030 0.23 
5031 0.23 
5032 0.23 
5033 0.23 
5034 0.23 
5035 0.23 
5036 0.23 
5037 0.23 
5038 0.23 
5039 0.23 
5040 0.23 
5041 0.23 
5042 0.23 
5043 0.22 
5044 0.22 
5045 0.22 
5046 0.22 
5047 0.22 
5048 0.22 
5049 0.22 
5050 0.22 
5051 0.22 
5052 0.22 
5053 0.22 
5054 0.22 
5055 0.22 
5056 0.22 
5057 0.22 
5058 0.22 
5059 0.22 
5060 0.22 
5061 0.22 
5062 0.22 
5063 0.22 
5064 0.22 
5065 0.22 
5066 0.22 
5067 0.22 
5068 0.22 
5069 0.22 
5070 0.22 
5071 0.22 
5072 0.22 
5073 0.22 
5074 0.22 
5075 0.22 
5076 0.22 
5077 0.22 
5078 0.22 
5079 0.22 
5080 0.22 
5081 0.22 
5082 0.22 
5083 0.22 
5084 0.22 
5085 0.22 
5086 0.22 
5087 0.22 
5088 0.22 
5089 0.22 
5090 0.22 
5091 0.22 
5092 0.22 
5093 0.22 
5094 0.22 
5095 0.22 
5096 0.22 
5097 0.22 
5098 0.22 
5099 0.22 
5100 0.22 
5101 0.22 
5102 0.22 
5103 0.22 
5104 0.22 
5105 0.22 
5106 0.22 
5107 0.22 
5108 0.22 
5109 0.22 
5110 0.22 
5111 0.22 
5112 0.22 
5113 0.22 
5114 0.22 
5115 0.22 
5116 0.22 
5117 0.22 
5118 0.22 
5119 0.22 
5120 0.22 
5121 0.22 
5122 0.22 
5123 0.22 
5124 0.22 
5125 0.22 
5126 0.22 
5127 0.22 
5128 0.22 
5129 0.22 
5130 0.22 
5131 0.22 
5132 0.22 
5133 0.22 
5134 0.22 
5135 0.22 
5136 0.22 
5137 0.22 
5138 0.22 
5139 0.22 
5140 0.22 
5141 0.22 
5142 0.22 
5143 0.22 
5144 0.22 
