2446 0.56 
2447 0.56 
2448 0.56 
2449 0.56 
2450 0.56 
2451 0.55 
2452 0.55 
2453 0.55 
2454 0.55 
2455 0.55 
2456 0.55 
2457 0.55 
2458 0.55 
2459 0.55 
2460 0.55 
2461 0.55 
2462 0.55 
2463 0.55 
2464 0.55 
2465 0.55 
2466 0.55 
2467 0.55 
2468 0.55 
2469 0.55 
2470 0.55 
2471 0.55 
2472 0.55 
2473 0.55 
2474 0.55 
2475 0.55 
2476 0.55 
2477 0.55 
2478 0.55 
2479 0.55 
2480 0.55 
2481 0.54 
2482 0.54 
2483 0.54 
2484 0.54 
2485 0.54 
2486 0.54 
2487 0.54 
2488 0.54 
2489 0.54 
2490 0.54 
2491 0.54 
2492 0.54 
2493 0.54 
2494 0.54 
2495 0.54 
2496 0.54 
2497 0.54 
2498 0.54 
2499 0.54 
2500 0.54 
2501 0.54 
2502 0.54 
2503 0.54 
2504 0.54 
2505 0.54 
2506 0.54 
2507 0.54 
2508 0.54 
2509 0.54 
2510 0.54 
2511 0.54 
2512 0.53 
2513 0.53 
2514 0.53 
2515 0.53 
2516 0.53 
2517 0.53 
2518 0.53 
2519 0.53 
2520 0.53 
2521 0.53 
2522 0.53 
2523 0.53 
2524 0.53 
2525 0.53 
2526 0.53 
2527 0.53 
2528 0.53 
2529 0.53 
2530 0.53 
2531 0.53 
2532 0.53 
2533 0.53 
2534 0.53 
2535 0.53 
2536 0.53 
2537 0.53 
2538 0.53 
2539 0.53 
2540 0.53 
2541 0.53 
2542 0.53 
2543 0.53 
2544 0.53 
2545 0.52 
2546 0.52 
2547 0.52 
2548 0.52 
2549 0.52 
2550 0.52 
2551 0.52 
2552 0.52 
2553 0.52 
2554 0.52 
2555 0.52 
2556 0.52 
2557 0.52 
2558 0.52 
2559 0.52 
2560 0.52 
2561 0.52 
2562 0.52 
2563 0.52 
2564 0.52 
2565 0.52 
2566 0.52 
2567 0.52 
2568 0.52 
2569 0.52 
2570 0.52 
2571 0.52 
2572 0.52 
2573 0.52 
2574 0.52 
2575 0.52 
2576 0.52 
2577 0.52 
2578 0.52 
2579 0.51 
2580 0.51 
2581 0.51 
2582 0.51 
2583 0.51 
2584 0.51 
2585 0.51 
2586 0.51 
2587 0.51 
2588 0.51 
2589 0.51 
2590 0.51 
2591 0.51 
2592 0.51 
2593 0.51 
2594 0.51 
2595 0.51 
2596 0.51 
2597 0.51 
2598 0.51 
2599 0.51 
2600 0.51 
2601 0.51 
2602 0.51 
2603 0.51 
2604 0.51 
2605 0.51 
2606 0.51 
2607 0.51 
2608 0.51 
2609 0.51 
2610 0.51 
2611 0.51 
2612 0.51 
2613 0.51 
2614 0.51 
2615 0.50 
2616 0.50 
2617 0.50 
2618 0.50 
2619 0.50 
2620 0.50 
2621 0.50 
2622 0.50 
2623 0.50 
2624 0.50 
2625 0.50 
2626 0.50 
2627 0.50 
2628 0.50 
2629 0.50 
2630 0.50 
2631 0.50 
2632 0.50 
2633 0.50 
2634 0.50 
2635 0.50 
2636 0.50 
2637 0.50 
2638 0.50 
2639 0.50 
2640 0.50 
2641 0.50 
2642 0.50 
2643 0.50 
2644 0.50 
2645 0.50 
2646 0.50 
2647 0.50 
2648 0.50 
2649 0.50 
2650 0.50 
2651 0.50 
2652 0.49 
2653 0.49 
2654 0.49 
2655 0.49 
2656 0.49 
2657 0.49 
2658 0.49 
2659 0.49 
2660 0.49 
2661 0.49 
2662 0.49 
2663 0.49 
2664 0.49 
2665 0.49 
2666 0.49 
2667 0.49 
2668 0.49 
2669 0.49 
2670 0.49 
2671 0.49 
2672 0.49 
2673 0.49 
2674 0.49 
2675 0.49 
2676 0.49 
2677 0.49 
2678 0.49 
2679 0.49 
2680 0.49 
2681 0.49 
2682 0.49 
2683 0.49 
2684 0.49 
2685 0.49 
2686 0.49 
2687 0.49 
2688 0.49 
2689 0.48 
2690 0.48 
2691 0.48 
2692 0.48 
2693 0.48 
2694 0.48 
2695 0.48 
2696 0.48 
2697 0.48 
2698 0.48 
2699 0.48 
2700 0.48 
2701 0.48 
2702 0.48 
2703 0.48 
2704 0.48 
2705 0.48 
2706 0.48 
2707 0.48 
2708 0.48 
2709 0.48 
2710 0.48 
2711 0.48 
2712 0.48 
2713 0.48 
2714 0.48 
2715 0.48 
2716 0.48 
2717 0.48 
2718 0.48 
2719 0.48 
2720 0.48 
2721 0.48 
2722 0.48 
2723 0.48 
2724 0.48 
2725 0.48 
2726 0.48 
2727 0.48 
2728 0.48 
2729 0.48 
2730 0.48 
2731 0.47 
2732 0.47 
2733 0.47 
2734 0.47 
2735 0.47 
2736 0.47 
2737 0.47 
2738 0.47 
2739 0.47 
2740 0.47 
2741 0.47 
2742 0.47 
2743 0.47 
2744 0.47 
2745 0.47 
2746 0.47 
2747 0.47 
2748 0.47 
2749 0.47 
2750 0.47 
2751 0.47 
2752 0.47 
2753 0.47 
2754 0.47 
2755 0.47 
2756 0.47 
2757 0.47 
2758 0.47 
2759 0.47 
2760 0.47 
2761 0.47 
2762 0.47 
2763 0.47 
2764 0.47 
2765 0.47 
2766 0.47 
2767 0.47 
2768 0.47 
2769 0.47 
2770 0.47 
2771 0.47 
2772 0.47 
2773 0.47 
2774 0.46 
2775 0.46 
2776 0.46 
2777 0.46 
2778 0.46 
2779 0.46 
2780 0.46 
2781 0.46 
2782 0.46 
2783 0.46 
2784 0.46 
2785 0.46 
2786 0.46 
2787 0.46 
2788 0.46 
2789 0.46 
2790 0.46 
2791 0.46 
2792 0.46 
2793 0.46 
2794 0.46 
2795 0.46 
2796 0.46 
2797 0.46 
2798 0.46 
2799 0.46 
2800 0.46 
2801 0.46 
2802 0.46 
2803 0.46 
2804 0.46 
2805 0.46 
2806 0.46 
2807 0.46 
2808 0.46 
2809 0.46 
2810 0.46 
2811 0.46 
2812 0.46 
2813 0.46 
2814 0.46 
2815 0.46 
2816 0.46 
2817 0.46 
2818 0.45 
2819 0.45 
2820 0.45 
2821 0.45 
2822 0.45 
2823 0.45 
2824 0.45 
2825 0.45 
2826 0.45 
2827 0.45 
2828 0.45 
2829 0.45 
2830 0.45 
2831 0.45 
2832 0.45 
2833 0.45 
2834 0.45 
2835 0.45 
2836 0.45 
2837 0.45 
2838 0.45 
2839 0.45 
2840 0.45 
2841 0.45 
2842 0.45 
2843 0.45 
2844 0.45 
2845 0.45 
2846 0.45 
2847 0.45 
2848 0.45 
2849 0.45 
2850 0.45 
2851 0.45 
2852 0.45 
2853 0.45 
2854 0.45 
2855 0.45 
2856 0.45 
2857 0.45 
2858 0.45 
2859 0.45 
2860 0.45 
2861 0.45 
2862 0.44 
2863 0.44 
2864 0.44 
2865 0.44 
2866 0.44 
2867 0.44 
2868 0.44 
2869 0.44 
2870 0.44 
2871 0.44 
2872 0.44 
2873 0.44 
2874 0.44 
2875 0.44 
2876 0.44 
2877 0.44 
2878 0.44 
2879 0.44 
2880 0.44 
2881 0.44 
2882 0.44 
2883 0.44 
2884 0.44 
2885 0.44 
2886 0.44 
2887 0.44 
2888 0.44 
2889 0.44 
2890 0.44 
2891 0.44 
2892 0.44 
2893 0.44 
2894 0.44 
2895 0.44 
2896 0.44 
2897 0.44 
2898 0.44 
2899 0.44 
2900 0.44 
2901 0.44 
2902 0.44 
2903 0.44 
2904 0.44 
2905 0.44 
2906 0.44 
2907 0.44 
2908 0.44 
2909 0.44 
2910 0.44 
2911 0.43 
2912 0.43 
2913 0.43 
2914 0.43 
2915 0.43 
2916 0.43 
2917 0.43 
2918 0.43 
2919 0.43 
2920 0.43 
2921 0.43 
2922 0.43 
2923 0.43 
2924 0.43 
2925 0.43 
2926 0.43 
2927 0.43 
2928 0.43 
2929 0.43 
2930 0.43 
2931 0.43 
2932 0.43 
2933 0.43 
2934 0.43 
2935 0.43 
2936 0.43 
2937 0.43 
2938 0.43 
2939 0.43 
2940 0.43 
2941 0.43 
2942 0.43 
2943 0.43 
2944 0.43 
2945 0.43 
2946 0.43 
2947 0.43 
2948 0.43 
2949 0.43 
2950 0.43 
2951 0.43 
2952 0.43 
2953 0.43 
2954 0.43 
2955 0.43 
2956 0.43 
2957 0.43 
2958 0.43 
2959 0.43 
2960 0.43 
2961 0.42 
2962 0.42 
2963 0.42 
2964 0.42 
2965 0.42 
2966 0.42 
2967 0.42 
2968 0.42 
2969 0.42 
2970 0.42 
2971 0.42 
2972 0.42 
2973 0.42 
2974 0.42 
2975 0.42 
2976 0.42 
2977 0.42 
2978 0.42 
2979 0.42 
2980 0.42 
2981 0.42 
2982 0.42 
2983 0.42 
2984 0.42 
2985 0.42 
2986 0.42 
2987 0.42 
2988 0.42 
2989 0.42 
2990 0.42 
2991 0.42 
2992 0.42 
2993 0.42 
2994 0.42 
2995 0.42 
2996 0.42 
2997 0.42 
2998 0.42 
2999 0.42 
3000 0.42 
3001 0.42 
3002 0.42 
3003 0.42 
3004 0.42 
3005 0.42 
3006 0.42 
3007 0.42 
3008 0.42 
3009 0.42 
3010 0.42 
3011 0.42 
3012 0.42 
3013 0.42 
3014 0.42 
3015 0.41 
3016 0.41 
3017 0.41 
3018 0.41 
3019 0.41 
3020 0.41 
3021 0.41 
3022 0.41 
3023 0.41 
3024 0.41 
3025 0.41 
3026 0.41 
3027 0.41 
3028 0.41 
3029 0.41 
3030 0.41 
3031 0.41 
3032 0.41 
3033 0.41 
3034 0.41 
3035 0.41 
3036 0.41 
3037 0.41 
3038 0.41 
3039 0.41 
3040 0.41 
3041 0.41 
3042 0.41 
3043 0.41 
3044 0.41 
3045 0.41 
3046 0.41 
3047 0.41 
3048 0.41 
3049 0.41 
3050 0.41 
3051 0.41 
3052 0.41 
3053 0.41 
3054 0.41 
3055 0.41 
3056 0.41 
3057 0.41 
3058 0.41 
3059 0.41 
3060 0.41 
3061 0.41 
3062 0.41 
3063 0.41 
3064 0.41 
3065 0.41 
3066 0.41 
3067 0.41 
3068 0.41 
3069 0.41 
3070 0.41 
3071 0.40 
3072 0.40 
3073 0.40 
3074 0.40 
3075 0.40 
3076 0.40 
3077 0.40 
3078 0.40 
3079 0.40 
3080 0.40 
3081 0.40 
3082 0.40 
3083 0.40 
3084 0.40 
3085 0.40 
3086 0.40 
3087 0.40 
3088 0.40 
3089 0.40 
3090 0.40 
3091 0.40 
3092 0.40 
3093 0.40 
3094 0.40 
3095 0.40 
3096 0.40 
3097 0.40 
3098 0.40 
3099 0.40 
3100 0.40 
3101 0.40 
3102 0.40 
3103 0.40 
3104 0.40 
3105 0.40 
3106 0.40 
3107 0.40 
3108 0.40 
3109 0.40 
3110 0.40 
3111 0.40 
3112 0.40 
3113 0.40 
3114 0.40 
3115 0.40 
3116 0.40 
3117 0.40 
3118 0.40 
3119 0.40 
3120 0.40 
3121 0.40 
3122 0.40 
3123 0.40 
3124 0.40 
3125 0.40 
3126 0.40 
3127 0.40 
3128 0.40 
3129 0.40 
3130 0.39 
3131 0.39 
3132 0.39 
3133 0.39 
3134 0.39 
3135 0.39 
3136 0.39 
3137 0.39 
3138 0.39 
3139 0.39 
3140 0.39 
3141 0.39 
3142 0.39 
3143 0.39 
3144 0.39 
3145 0.39 
3146 0.39 
3147 0.39 
3148 0.39 
3149 0.39 
3150 0.39 
3151 0.39 
3152 0.39 
3153 0.39 
3154 0.39 
3155 0.39 
3156 0.39 
3157 0.39 
3158 0.39 
3159 0.39 
3160 0.39 
3161 0.39 
3162 0.39 
3163 0.39 
3164 0.39 
3165 0.39 
3166 0.39 
3167 0.39 
3168 0.39 
3169 0.39 
3170 0.39 
3171 0.39 
3172 0.39 
3173 0.39 
3174 0.39 
3175 0.39 
3176 0.39 
3177 0.39 
3178 0.39 
3179 0.39 
3180 0.39 
3181 0.39 
3182 0.39 
3183 0.39 
3184 0.39 
3185 0.39 
3186 0.39 
3187 0.39 
3188 0.39 
3189 0.39 
3190 0.39 
3191 0.39 
3192 0.39 
3193 0.38 
3194 0.38 
3195 0.38 
3196 0.38 
3197 0.38 
3198 0.38 
3199 0.38 
3200 0.38 
3201 0.38 
3202 0.38 
3203 0.38 
3204 0.38 
3205 0.38 
3206 0.38 
3207 0.38 
3208 0.38 
3209 0.38 
3210 0.38 
3211 0.38 
3212 0.38 
3213 0.38 
3214 0.38 
3215 0.38 
3216 0.38 
3217 0.38 
3218 0.38 
3219 0.38 
3220 0.38 
3221 0.38 
3222 0.38 
3223 0.38 
3224 0.38 
3225 0.38 
3226 0.38 
3227 0.38 
3228 0.38 
3229 0.38 
3230 0.38 
3231 0.38 
3232 0.38 
3233 0.38 
3234 0.38 
3235 0.38 
3236 0.38 
3237 0.38 
3238 0.38 
3239 0.38 
3240 0.38 
3241 0.38 
3242 0.38 
3243 0.38 
3244 0.38 
3245 0.38 
3246 0.38 
3247 0.38 
3248 0.38 
3249 0.38 
3250 0.38 
3251 0.38 
3252 0.38 
3253 0.38 
3254 0.38 
3255 0.38 
3256 0.38 
3257 0.38 
3258 0.38 
3259 0.38 
3260 0.37 
3261 0.37 
3262 0.37 
3263 0.37 
3264 0.37 
3265 0.37 
3266 0.37 
3267 0.37 
3268 0.37 
3269 0.37 
3270 0.37 
3271 0.37 
3272 0.37 
3273 0.37 
3274 0.37 
3275 0.37 
3276 0.37 
3277 0.37 
3278 0.37 
3279 0.37 
3280 0.37 
3281 0.37 
3282 0.37 
3283 0.37 
3284 0.37 
3285 0.37 
3286 0.37 
3287 0.37 
3288 0.37 
3289 0.37 
3290 0.37 
3291 0.37 
3292 0.37 
3293 0.37 
3294 0.37 
3295 0.37 
3296 0.37 
3297 0.37 
3298 0.37 
3299 0.37 
3300 0.37 
3301 0.37 
3302 0.37 
3303 0.37 
3304 0.37 
3305 0.37 
3306 0.37 
3307 0.37 
3308 0.37 
3309 0.37 
3310 0.37 
3311 0.37 
3312 0.37 
3313 0.37 
3314 0.37 
3315 0.37 
3316 0.37 
3317 0.37 
3318 0.37 
3319 0.37 
3320 0.37 
3321 0.37 
3322 0.37 
3323 0.37 
3324 0.37 
3325 0.37 
3326 0.37 
3327 0.37 
3328 0.37 
3329 0.37 
3330 0.37 
3331 0.36 
3332 0.36 
3333 0.36 
3334 0.36 
3335 0.36 
3336 0.36 
3337 0.36 
3338 0.36 
3339 0.36 
3340 0.36 
3341 0.36 
3342 0.36 
3343 0.36 
3344 0.36 
3345 0.36 
3346 0.36 
3347 0.36 
3348 0.36 
3349 0.36 
3350 0.36 
3351 0.36 
3352 0.36 
3353 0.36 
3354 0.36 
3355 0.36 
3356 0.36 
3357 0.36 
3358 0.36 
3359 0.36 
3360 0.36 
3361 0.36 
3362 0.36 
3363 0.36 
3364 0.36 
3365 0.36 
3366 0.36 
3367 0.36 
3368 0.36 
3369 0.36 
3370 0.36 
3371 0.36 
3372 0.36 
3373 0.36 
3374 0.36 
3375 0.36 
3376 0.36 
3377 0.36 
3378 0.36 
3379 0.36 
3380 0.36 
3381 0.36 
3382 0.36 
3383 0.36 
3384 0.36 
3385 0.36 
3386 0.36 
3387 0.36 
3388 0.36 
3389 0.36 
3390 0.36 
3391 0.36 
3392 0.36 
3393 0.36 
3394 0.36 
3395 0.36 
3396 0.36 
3397 0.36 
3398 0.36 
3399 0.36 
3400 0.36 
3401 0.36 
3402 0.36 
3403 0.36 
3404 0.35 
3405 0.35 
3406 0.35 
3407 0.35 
3408 0.35 
3409 0.35 
3410 0.35 
3411 0.35 
3412 0.35 
3413 0.35 
3414 0.35 
3415 0.35 
3416 0.35 
3417 0.35 
3418 0.35 
3419 0.35 
3420 0.35 
3421 0.35 
3422 0.35 
3423 0.35 
3424 0.35 
3425 0.35 
3426 0.35 
3427 0.35 
3428 0.35 
3429 0.35 
3430 0.35 
3431 0.35 
3432 0.35 
3433 0.35 
3434 0.35 
3435 0.35 
3436 0.35 
3437 0.35 
3438 0.35 
3439 0.35 
3440 0.35 
3441 0.35 
3442 0.35 
3443 0.35 
3444 0.35 
3445 0.35 
3446 0.35 
3447 0.35 
3448 0.35 
3449 0.35 
3450 0.35 
3451 0.35 
3452 0.35 
3453 0.35 
3454 0.35 
3455 0.35 
3456 0.35 
3457 0.35 
3458 0.35 
3459 0.35 
3460 0.35 
3461 0.35 
3462 0.35 
3463 0.35 
3464 0.35 
3465 0.35 
3466 0.35 
3467 0.35 
3468 0.35 
3469 0.35 
3470 0.35 
3471 0.35 
3472 0.35 
3473 0.35 
3474 0.35 
3475 0.35 
3476 0.35 
3477 0.35 
3478 0.35 
3479 0.35 
3480 0.35 
3481 0.35 
3482 0.35 
3483 0.35 
3484 0.34 
3485 0.34 
3486 0.34 
3487 0.34 
3488 0.34 
3489 0.34 
3490 0.34 
3491 0.34 
3492 0.34 
3493 0.34 
3494 0.34 
3495 0.34 
3496 0.34 
3497 0.34 
3498 0.34 
3499 0.34 
3500 0.34 
3501 0.34 
3502 0.34 
3503 0.34 
3504 0.34 
3505 0.34 
3506 0.34 
3507 0.34 
3508 0.34 
3509 0.34 
3510 0.34 
3511 0.34 
3512 0.34 
3513 0.34 
3514 0.34 
3515 0.34 
3516 0.34 
3517 0.34 
3518 0.34 
3519 0.34 
3520 0.34 
3521 0.34 
3522 0.34 
3523 0.34 
3524 0.34 
3525 0.34 
3526 0.34 
3527 0.34 
3528 0.34 
3529 0.34 
3530 0.34 
3531 0.34 
3532 0.34 
3533 0.34 
3534 0.34 
3535 0.34 
3536 0.34 
3537 0.34 
3538 0.34 
3539 0.34 
3540 0.34 
3541 0.34 
3542 0.34 
3543 0.34 
3544 0.34 
3545 0.34 
3546 0.34 
3547 0.34 
3548 0.34 
3549 0.34 
3550 0.34 
3551 0.34 
3552 0.34 
3553 0.34 
3554 0.34 
3555 0.34 
3556 0.34 
3557 0.34 
3558 0.34 
3559 0.34 
3560 0.34 
3561 0.34 
3562 0.34 
3563 0.34 
3564 0.34 
3565 0.34 
3566 0.34 
3567 0.34 
3568 0.34 
3569 0.33 
3570 0.33 
3571 0.33 
3572 0.33 
3573 0.33 
3574 0.33 
3575 0.33 
3576 0.33 
3577 0.33 
3578 0.33 
3579 0.33 
3580 0.33 
3581 0.33 
3582 0.33 
3583 0.33 
3584 0.33 
3585 0.33 
3586 0.33 
3587 0.33 
3588 0.33 
3589 0.33 
3590 0.33 
3591 0.33 
3592 0.33 
3593 0.33 
3594 0.33 
3595 0.33 
3596 0.33 
3597 0.33 
3598 0.33 
3599 0.33 
3600 0.33 
3601 0.33 
3602 0.33 
3603 0.33 
3604 0.33 
3605 0.33 
3606 0.33 
3607 0.33 
3608 0.33 
3609 0.33 
3610 0.33 
3611 0.33 
3612 0.33 
3613 0.33 
3614 0.33 
3615 0.33 
3616 0.33 
3617 0.33 
3618 0.33 
3619 0.33 
3620 0.33 
3621 0.33 
3622 0.33 
3623 0.33 
3624 0.33 
3625 0.33 
3626 0.33 
3627 0.33 
3628 0.33 
3629 0.33 
3630 0.33 
3631 0.33 
3632 0.33 
3633 0.33 
3634 0.33 
3635 0.33 
3636 0.33 
3637 0.33 
3638 0.33 
3639 0.33 
3640 0.33 
3641 0.33 
3642 0.33 
3643 0.33 
3644 0.33 
3645 0.33 
3646 0.33 
3647 0.33 
3648 0.33 
3649 0.33 
3650 0.33 
3651 0.33 
3652 0.33 
3653 0.33 
3654 0.33 
3655 0.33 
3656 0.33 
3657 0.33 
3658 0.33 
3659 0.32 
3660 0.32 
3661 0.32 
3662 0.32 
3663 0.32 
3664 0.32 
3665 0.32 
3666 0.32 
3667 0.32 
3668 0.32 
3669 0.32 
3670 0.32 
3671 0.32 
3672 0.32 
3673 0.32 
3674 0.32 
3675 0.32 
3676 0.32 
3677 0.32 
3678 0.32 
3679 0.32 
3680 0.32 
3681 0.32 
3682 0.32 
3683 0.32 
3684 0.32 
3685 0.32 
3686 0.32 
3687 0.32 
3688 0.32 
3689 0.32 
3690 0.32 
3691 0.32 
3692 0.32 
3693 0.32 
3694 0.32 
3695 0.32 
3696 0.32 
3697 0.32 
3698 0.32 
3699 0.32 
3700 0.32 
3701 0.32 
3702 0.32 
3703 0.32 
3704 0.32 
3705 0.32 
3706 0.32 
3707 0.32 
3708 0.32 
3709 0.32 
3710 0.32 
3711 0.32 
3712 0.32 
3713 0.32 
3714 0.32 
3715 0.32 
3716 0.32 
3717 0.32 
3718 0.32 
3719 0.32 
3720 0.32 
3721 0.32 
3722 0.32 
3723 0.32 
3724 0.32 
3725 0.32 
3726 0.32 
3727 0.32 
3728 0.32 
3729 0.32 
3730 0.32 
3731 0.32 
3732 0.32 
3733 0.32 
3734 0.32 
3735 0.32 
3736 0.32 
3737 0.32 
3738 0.32 
3739 0.32 
3740 0.32 
3741 0.32 
3742 0.32 
3743 0.32 
3744 0.32 
3745 0.32 
3746 0.32 
3747 0.32 
3748 0.32 
3749 0.32 
3750 0.32 
3751 0.32 
3752 0.32 
3753 0.32 
3754 0.32 
3755 0.32 
3756 0.32 
3757 0.32 
3758 0.32 
3759 0.31 
3760 0.31 
3761 0.31 
3762 0.31 
3763 0.31 
3764 0.31 
3765 0.31 
3766 0.31 
3767 0.31 
3768 0.31 
3769 0.31 
3770 0.31 
3771 0.31 
3772 0.31 
3773 0.31 
3774 0.31 
3775 0.31 
3776 0.31 
3777 0.31 
3778 0.31 
3779 0.31 
3780 0.31 
3781 0.31 
3782 0.31 
3783 0.31 
3784 0.31 
3785 0.31 
3786 0.31 
3787 0.31 
3788 0.31 
3789 0.31 
3790 0.31 
3791 0.31 
3792 0.31 
3793 0.31 
3794 0.31 
3795 0.31 
3796 0.31 
3797 0.31 
3798 0.31 
3799 0.31 
3800 0.31 
3801 0.31 
3802 0.31 
3803 0.31 
3804 0.31 
3805 0.31 
3806 0.31 
3807 0.31 
3808 0.31 
3809 0.31 
3810 0.31 
3811 0.31 
3812 0.31 
3813 0.31 
3814 0.31 
3815 0.31 
3816 0.31 
3817 0.31 
3818 0.31 
3819 0.31 
3820 0.31 
3821 0.31 
3822 0.31 
3823 0.31 
3824 0.31 
3825 0.31 
3826 0.31 
3827 0.31 
3828 0.31 
3829 0.31 
3830 0.31 
3831 0.31 
3832 0.31 
3833 0.31 
3834 0.31 
3835 0.31 
3836 0.31 
3837 0.31 
3838 0.31 
3839 0.31 
3840 0.31 
3841 0.31 
3842 0.31 
3843 0.31 
3844 0.31 
3845 0.31 
3846 0.31 
3847 0.31 
3848 0.31 
3849 0.31 
3850 0.31 
3851 0.31 
3852 0.31 
3853 0.31 
3854 0.31 
3855 0.31 
3856 0.31 
3857 0.31 
3858 0.31 
3859 0.31 
3860 0.30 
3861 0.30 
3862 0.30 
3863 0.30 
3864 0.30 
3865 0.30 
3866 0.30 
3867 0.30 
3868 0.30 
3869 0.30 
3870 0.30 
3871 0.30 
3872 0.30 
3873 0.30 
3874 0.30 
3875 0.30 
3876 0.30 
3877 0.30 
3878 0.30 
3879 0.30 
3880 0.30 
3881 0.30 
3882 0.30 
3883 0.30 
3884 0.30 
3885 0.30 
3886 0.30 
3887 0.30 
3888 0.30 
3889 0.30 
3890 0.30 
3891 0.30 
3892 0.30 
3893 0.30 
3894 0.30 
3895 0.30 
3896 0.30 
3897 0.30 
3898 0.30 
3899 0.30 
3900 0.30 
3901 0.30 
3902 0.30 
3903 0.30 
3904 0.30 
3905 0.30 
3906 0.30 
3907 0.30 
3908 0.30 
3909 0.30 
3910 0.30 
3911 0.30 
3912 0.30 
3913 0.30 
3914 0.30 
3915 0.30 
3916 0.30 
3917 0.30 
3918 0.30 
3919 0.30 
3920 0.30 
3921 0.30 
3922 0.30 
3923 0.30 
3924 0.30 
3925 0.30 
3926 0.30 
3927 0.30 
3928 0.30 
3929 0.30 
3930 0.30 
3931 0.30 
3932 0.30 
3933 0.30 
3934 0.30 
3935 0.30 
3936 0.30 
3937 0.30 
3938 0.30 
3939 0.30 
3940 0.30 
3941 0.30 
3942 0.30 
3943 0.30 
3944 0.30 
3945 0.30 
3946 0.30 
3947 0.30 
3948 0.30 
3949 0.30 
3950 0.30 
3951 0.30 
3952 0.30 
3953 0.30 
3954 0.30 
3955 0.30 
3956 0.30 
3957 0.30 
3958 0.30 
3959 0.30 
3960 0.30 
3961 0.30 
3962 0.30 
3963 0.30 
3964 0.30 
3965 0.30 
3966 0.29 
3967 0.29 
3968 0.29 
3969 0.29 
3970 0.29 
3971 0.29 
3972 0.29 
3973 0.29 
3974 0.29 
3975 0.29 
3976 0.29 
3977 0.29 
3978 0.29 
3979 0.29 
3980 0.29 
3981 0.29 
3982 0.29 
3983 0.29 
3984 0.29 
3985 0.29 
3986 0.29 
3987 0.29 
3988 0.29 
3989 0.29 
3990 0.29 
3991 0.29 
3992 0.29 
3993 0.29 
3994 0.29 
3995 0.29 
3996 0.29 
3997 0.29 
3998 0.29 
3999 0.29 
4000 0.29 
4001 0.29 
4002 0.29 
4003 0.29 
4004 0.29 
4005 0.29 
4006 0.29 
4007 0.29 
4008 0.29 
4009 0.29 
4010 0.29 
4011 0.29 
4012 0.29 
4013 0.29 
4014 0.29 
4015 0.29 
4016 0.29 
4017 0.29 
4018 0.29 
4019 0.29 
4020 0.29 
4021 0.29 
4022 0.29 
4023 0.29 
4024 0.29 
4025 0.29 
4026 0.29 
4027 0.29 
4028 0.29 
4029 0.29 
4030 0.29 
4031 0.29 
4032 0.29 
4033 0.29 
4034 0.29 
4035 0.29 
4036 0.29 
4037 0.29 
4038 0.29 
4039 0.29 
4040 0.29 
4041 0.29 
4042 0.29 
4043 0.29 
4044 0.29 
4045 0.29 
4046 0.29 
4047 0.29 
4048 0.29 
4049 0.29 
4050 0.29 
4051 0.29 
4052 0.29 
4053 0.29 
4054 0.29 
4055 0.29 
4056 0.29 
4057 0.29 
4058 0.29 
4059 0.29 
4060 0.29 
4061 0.29 
4062 0.29 
4063 0.29 
4064 0.29 
4065 0.29 
4066 0.29 
4067 0.29 
4068 0.29 
4069 0.29 
4070 0.29 
4071 0.29 
4072 0.29 
4073 0.29 
4074 0.29 
4075 0.29 
4076 0.29 
4077 0.29 
4078 0.29 
4079 0.29 
4080 0.29 
4081 0.29 
4082 0.29 
4083 0.29 
4084 0.29 
4085 0.29 
4086 0.28 
4087 0.28 
4088 0.28 
4089 0.28 
4090 0.28 
4091 0.28 
4092 0.28 
4093 0.28 
4094 0.28 
4095 0.28 
4096 0.28 
4097 0.28 
4098 0.28 
4099 0.28 
4100 0.28 
4101 0.28 
4102 0.28 
4103 0.28 
4104 0.28 
4105 0.28 
4106 0.28 
4107 0.28 
4108 0.28 
4109 0.28 
4110 0.28 
4111 0.28 
4112 0.28 
4113 0.28 
4114 0.28 
4115 0.28 
4116 0.28 
4117 0.28 
4118 0.28 
4119 0.28 
4120 0.28 
4121 0.28 
4122 0.28 
4123 0.28 
4124 0.28 
4125 0.28 
4126 0.28 
4127 0.28 
4128 0.28 
4129 0.28 
4130 0.28 
4131 0.28 
4132 0.28 
4133 0.28 
4134 0.28 
4135 0.28 
4136 0.28 
4137 0.28 
4138 0.28 
4139 0.28 
4140 0.28 
4141 0.28 
4142 0.28 
4143 0.28 
4144 0.28 
4145 0.28 
4146 0.28 
4147 0.28 
4148 0.28 
4149 0.28 
4150 0.28 
4151 0.28 
4152 0.28 
4153 0.28 
4154 0.28 
4155 0.28 
4156 0.28 
4157 0.28 
4158 0.28 
4159 0.28 
4160 0.28 
4161 0.28 
4162 0.28 
4163 0.28 
4164 0.28 
4165 0.28 
4166 0.28 
4167 0.28 
4168 0.28 
4169 0.28 
4170 0.28 
4171 0.28 
4172 0.28 
4173 0.28 
4174 0.28 
4175 0.28 
4176 0.28 
4177 0.28 
4178 0.28 
4179 0.28 
4180 0.28 
4181 0.28 
4182 0.28 
4183 0.28 
4184 0.28 
4185 0.28 
4186 0.28 
4187 0.28 
4188 0.28 
4189 0.28 
4190 0.28 
4191 0.28 
4192 0.28 
4193 0.28 
4194 0.28 
4195 0.28 
4196 0.28 
4197 0.28 
4198 0.28 
4199 0.28 
4200 0.28 
4201 0.28 
4202 0.28 
4203 0.28 
4204 0.28 
4205 0.28 
4206 0.27 
4207 0.27 
4208 0.27 
4209 0.27 
4210 0.27 
4211 0.27 
4212 0.27 
4213 0.27 
4214 0.27 
4215 0.27 
4216 0.27 
4217 0.27 
4218 0.27 
4219 0.27 
4220 0.27 
4221 0.27 
4222 0.27 
4223 0.27 
4224 0.27 
4225 0.27 
4226 0.27 
4227 0.27 
4228 0.27 
4229 0.27 
4230 0.27 
4231 0.27 
4232 0.27 
4233 0.27 
4234 0.27 
4235 0.27 
4236 0.27 
4237 0.27 
4238 0.27 
4239 0.27 
4240 0.27 
4241 0.27 
4242 0.27 
4243 0.27 
4244 0.27 
4245 0.27 
4246 0.27 
4247 0.27 
4248 0.27 
4249 0.27 
4250 0.27 
4251 0.27 
4252 0.27 
4253 0.27 
4254 0.27 
4255 0.27 
4256 0.27 
4257 0.27 
4258 0.27 
4259 0.27 
4260 0.27 
4261 0.27 
4262 0.27 
4263 0.27 
4264 0.27 
4265 0.27 
4266 0.27 
4267 0.27 
4268 0.27 
4269 0.27 
4270 0.27 
4271 0.27 
4272 0.27 
4273 0.27 
4274 0.27 
4275 0.27 
4276 0.27 
4277 0.27 
4278 0.27 
4279 0.27 
4280 0.27 
4281 0.27 
4282 0.27 
4283 0.27 
4284 0.27 
4285 0.27 
4286 0.27 
4287 0.27 
4288 0.27 
4289 0.27 
4290 0.27 
4291 0.27 
4292 0.27 
4293 0.27 
4294 0.27 
4295 0.27 
4296 0.27 
4297 0.27 
4298 0.27 
4299 0.27 
4300 0.27 
4301 0.27 
4302 0.27 
4303 0.27 
4304 0.27 
4305 0.27 
4306 0.27 
4307 0.27 
4308 0.27 
4309 0.27 
4310 0.27 
4311 0.27 
4312 0.27 
4313 0.27 
4314 0.27 
4315 0.27 
4316 0.27 
4317 0.27 
4318 0.27 
4319 0.27 
4320 0.27 
4321 0.27 
4322 0.27 
4323 0.27 
4324 0.27 
4325 0.27 
4326 0.27 
4327 0.27 
4328 0.27 
4329 0.27 
4330 0.27 
4331 0.27 
4332 0.27 
4333 0.27 
4334 0.27 
4335 0.27 
4336 0.27 
4337 0.27 
4338 0.27 
4339 0.27 
4340 0.27 
4341 0.27 
4342 0.26 
4343 0.26 
4344 0.26 
4345 0.26 
4346 0.26 
4347 0.26 
4348 0.26 
4349 0.26 
4350 0.26 
4351 0.26 
4352 0.26 
4353 0.26 
4354 0.26 
4355 0.26 
4356 0.26 
4357 0.26 
4358 0.26 
4359 0.26 
4360 0.26 
4361 0.26 
4362 0.26 
4363 0.26 
4364 0.26 
4365 0.26 
4366 0.26 
4367 0.26 
4368 0.26 
4369 0.26 
4370 0.26 
4371 0.26 
4372 0.26 
4373 0.26 
4374 0.26 
4375 0.26 
4376 0.26 
4377 0.26 
4378 0.26 
4379 0.26 
4380 0.26 
4381 0.26 
4382 0.26 
4383 0.26 
4384 0.26 
4385 0.26 
4386 0.26 
4387 0.26 
4388 0.26 
4389 0.26 
4390 0.26 
4391 0.26 
4392 0.26 
4393 0.26 
4394 0.26 
4395 0.26 
4396 0.26 
4397 0.26 
4398 0.26 
4399 0.26 
4400 0.26 
4401 0.26 
4402 0.26 
4403 0.26 
4404 0.26 
4405 0.26 
4406 0.26 
4407 0.26 
4408 0.26 
4409 0.26 
4410 0.26 
4411 0.26 
4412 0.26 
4413 0.26 
4414 0.26 
4415 0.26 
4416 0.26 
4417 0.26 
4418 0.26 
4419 0.26 
4420 0.26 
4421 0.26 
4422 0.26 
4423 0.26 
4424 0.26 
4425 0.26 
4426 0.26 
4427 0.26 
4428 0.26 
4429 0.26 
4430 0.26 
4431 0.26 
4432 0.26 
4433 0.26 
4434 0.26 
4435 0.26 
4436 0.26 
4437 0.26 
4438 0.26 
4439 0.26 
4440 0.26 
4441 0.26 
4442 0.26 
4443 0.26 
4444 0.26 
4445 0.26 
4446 0.26 
4447 0.26 
4448 0.26 
4449 0.26 
4450 0.26 
4451 0.26 
4452 0.26 
4453 0.26 
4454 0.26 
4455 0.26 
4456 0.26 
4457 0.26 
4458 0.26 
4459 0.26 
4460 0.26 
4461 0.26 
4462 0.26 
4463 0.26 
4464 0.26 
4465 0.26 
4466 0.26 
4467 0.26 
4468 0.26 
4469 0.26 
4470 0.26 
4471 0.26 
4472 0.26 
4473 0.26 
4474 0.26 
4475 0.26 
4476 0.26 
4477 0.26 
4478 0.26 
4479 0.26 
4480 0.26 
4481 0.26 
4482 0.26 
4483 0.26 
4484 0.26 
4485 0.26 
4486 0.26 
4487 0.26 
4488 0.26 
4489 0.26 
4490 0.26 
4491 0.26 
4492 0.26 
4493 0.26 
4494 0.26 
4495 0.25 
4496 0.25 
4497 0.25 
4498 0.25 
4499 0.25 
4500 0.25 
4501 0.25 
4502 0.25 
4503 0.25 
4504 0.25 
4505 0.25 
4506 0.25 
4507 0.25 
4508 0.25 
4509 0.25 
4510 0.25 
4511 0.25 
4512 0.25 
4513 0.25 
4514 0.25 
4515 0.25 
4516 0.25 
4517 0.25 
4518 0.25 
4519 0.25 
4520 0.25 
4521 0.25 
4522 0.25 
4523 0.25 
4524 0.25 
4525 0.25 
4526 0.25 
4527 0.25 
4528 0.25 
4529 0.25 
4530 0.25 
4531 0.25 
4532 0.25 
4533 0.25 
4534 0.25 
4535 0.25 
4536 0.25 
4537 0.25 
4538 0.25 
4539 0.25 
4540 0.25 
4541 0.25 
4542 0.25 
4543 0.25 
4544 0.25 
4545 0.25 
4546 0.25 
4547 0.25 
4548 0.25 
4549 0.25 
4550 0.25 
4551 0.25 
4552 0.25 
4553 0.25 
4554 0.25 
4555 0.25 
4556 0.25 
4557 0.25 
4558 0.25 
4559 0.25 
4560 0.25 
4561 0.25 
4562 0.25 
4563 0.25 
4564 0.25 
4565 0.25 
4566 0.25 
4567 0.25 
4568 0.25 
4569 0.25 
4570 0.25 
4571 0.25 
4572 0.25 
4573 0.25 
4574 0.25 
4575 0.25 
4576 0.25 
4577 0.25 
4578 0.25 
4579 0.25 
4580 0.25 
4581 0.25 
4582 0.25 
4583 0.25 
4584 0.25 
4585 0.25 
4586 0.25 
4587 0.25 
4588 0.25 
4589 0.25 
4590 0.25 
4591 0.25 
4592 0.25 
4593 0.25 
4594 0.25 
4595 0.25 
4596 0.25 
4597 0.25 
4598 0.25 
4599 0.25 
4600 0.25 
4601 0.25 
4602 0.25 
4603 0.25 
4604 0.25 
4605 0.25 
4606 0.25 
4607 0.25 
4608 0.25 
4609 0.25 
4610 0.25 
4611 0.25 
4612 0.25 
4613 0.25 
4614 0.25 
4615 0.25 
4616 0.25 
4617 0.25 
4618 0.25 
4619 0.25 
4620 0.25 
4621 0.25 
4622 0.25 
4623 0.25 
4624 0.25 
4625 0.25 
4626 0.25 
4627 0.25 
4628 0.25 
4629 0.25 
4630 0.25 
4631 0.25 
4632 0.25 
4633 0.25 
4634 0.25 
4635 0.25 
4636 0.25 
4637 0.25 
4638 0.25 
4639 0.25 
4640 0.25 
4641 0.25 
4642 0.25 
4643 0.25 
4644 0.25 
4645 0.25 
4646 0.25 
4647 0.25 
4648 0.25 
4649 0.25 
4650 0.25 
4651 0.25 
4652 0.25 
4653 0.25 
4654 0.25 
4655 0.25 
4656 0.25 
4657 0.25 
4658 0.25 
4659 0.25 
4660 0.25 
4661 0.25 
4662 0.25 
4663 0.25 
4664 0.24 
4665 0.24 
4666 0.24 
4667 0.24 
4668 0.24 
4669 0.24 
4670 0.24 
4671 0.24 
4672 0.24 
4673 0.24 
4674 0.24 
4675 0.24 
4676 0.24 
4677 0.24 
4678 0.24 
4679 0.24 
4680 0.24 
4681 0.24 
4682 0.24 
4683 0.24 
4684 0.24 
4685 0.24 
4686 0.24 
4687 0.24 
4688 0.24 
4689 0.24 
4690 0.24 
4691 0.24 
4692 0.24 
4693 0.24 
4694 0.24 
4695 0.24 
4696 0.24 
4697 0.24 
4698 0.24 
4699 0.24 
4700 0.24 
4701 0.24 
4702 0.24 
4703 0.24 
4704 0.24 
4705 0.24 
4706 0.24 
4707 0.24 
4708 0.24 
4709 0.24 
4710 0.24 
4711 0.24 
4712 0.24 
4713 0.24 
4714 0.24 
4715 0.24 
4716 0.24 
4717 0.24 
4718 0.24 
4719 0.24 
4720 0.24 
4721 0.24 
4722 0.24 
4723 0.24 
4724 0.24 
4725 0.24 
4726 0.24 
4727 0.24 
4728 0.24 
4729 0.24 
4730 0.24 
4731 0.24 
4732 0.24 
4733 0.24 
4734 0.24 
4735 0.24 
4736 0.24 
4737 0.24 
4738 0.24 
4739 0.24 
4740 0.24 
4741 0.24 
4742 0.24 
4743 0.24 
4744 0.24 
4745 0.24 
4746 0.24 
4747 0.24 
4748 0.24 
4749 0.24 
4750 0.24 
4751 0.24 
4752 0.24 
4753 0.24 
4754 0.24 
4755 0.24 
4756 0.24 
4757 0.24 
4758 0.24 
4759 0.24 
4760 0.24 
4761 0.24 
4762 0.24 
4763 0.24 
4764 0.24 
4765 0.24 
4766 0.24 
4767 0.24 
4768 0.24 
4769 0.24 
4770 0.24 
4771 0.24 
4772 0.24 
4773 0.24 
4774 0.24 
4775 0.24 
4776 0.24 
4777 0.24 
4778 0.24 
4779 0.24 
4780 0.24 
4781 0.24 
4782 0.24 
4783 0.24 
4784 0.24 
4785 0.24 
4786 0.24 
4787 0.24 
4788 0.24 
4789 0.24 
4790 0.24 
4791 0.24 
4792 0.24 
4793 0.24 
4794 0.24 
4795 0.24 
4796 0.24 
4797 0.24 
4798 0.24 
4799 0.24 
4800 0.24 
4801 0.24 
4802 0.24 
4803 0.24 
4804 0.24 
4805 0.24 
4806 0.24 
4807 0.24 
4808 0.24 
4809 0.24 
4810 0.24 
4811 0.24 
4812 0.24 
4813 0.24 
4814 0.24 
4815 0.24 
4816 0.24 
4817 0.24 
4818 0.24 
4819 0.24 
4820 0.24 
4821 0.24 
4822 0.24 
4823 0.24 
4824 0.24 
4825 0.24 
4826 0.24 
4827 0.24 
4828 0.24 
4829 0.24 
4830 0.24 
4831 0.24 
4832 0.24 
4833 0.24 
4834 0.24 
4835 0.24 
4836 0.24 
4837 0.24 
4838 0.24 
4839 0.24 
4840 0.24 
4841 0.24 
4842 0.24 
4843 0.24 
4844 0.24 
4845 0.24 
4846 0.24 
4847 0.23 
4848 0.23 
4849 0.23 
4850 0.23 
4851 0.23 
4852 0.23 
4853 0.23 
4854 0.23 
4855 0.23 
4856 0.23 
4857 0.23 
4858 0.23 
4859 0.23 
4860 0.23 
4861 0.23 
4862 0.23 
4863 0.23 
4864 0.23 
4865 0.23 
4866 0.23 
4867 0.23 
4868 0.23 
4869 0.23 
4870 0.23 
4871 0.23 
4872 0.23 
4873 0.23 
4874 0.23 
4875 0.23 
4876 0.23 
4877 0.23 
4878 0.23 
4879 0.23 
4880 0.23 
4881 0.23 
4882 0.23 
4883 0.23 
4884 0.23 
4885 0.23 
4886 0.23 
4887 0.23 
4888 0.23 
4889 0.23 
4890 0.23 
4891 0.23 
4892 0.23 
4893 0.23 
4894 0.23 
4895 0.23 
4896 0.23 
4897 0.23 
4898 0.23 
4899 0.23 
4900 0.23 
4901 0.23 
4902 0.23 
4903 0.23 
4904 0.23 
4905 0.23 
4906 0.23 
4907 0.23 
4908 0.23 
4909 0.23 
4910 0.23 
4911 0.23 
4912 0.23 
4913 0.23 
4914 0.23 
4915 0.23 
4916 0.23 
4917 0.23 
4918 0.23 
4919 0.23 
4920 0.23 
4921 0.23 
4922 0.23 
4923 0.23 
4924 0.23 
4925 0.23 
4926 0.23 
4927 0.23 
4928 0.23 
4929 0.23 
4930 0.23 
4931 0.23 
4932 0.23 
4933 0.23 
4934 0.23 
4935 0.23 
4936 0.23 
4937 0.23 
4938 0.23 
4939 0.23 
4940 0.23 
4941 0.23 
4942 0.23 
4943 0.23 
4944 0.23 
4945 0.23 
4946 0.23 
4947 0.23 
4948 0.23 
4949 0.23 
4950 0.23 
4951 0.23 
4952 0.23 
4953 0.23 
4954 0.23 
4955 0.23 
4956 0.23 
4957 0.23 
4958 0.23 
4959 0.23 
4960 0.23 
4961 0.23 
4962 0.23 
4963 0.23 
4964 0.23 
4965 0.23 
4966 0.23 
4967 0.23 
4968 0.23 
4969 0.23 
4970 0.23 
4971 0.23 
4972 0.23 
4973 0.23 
4974 0.23 
4975 0.23 
4976 0.23 
4977 0.23 
4978 0.23 
4979 0.23 
4980 0.23 
4981 0.23 
4982 0.23 
4983 0.23 
4984 0.23 
4985 0.23 
4986 0.23 
4987 0.23 
4988 0.23 
4989 0.23 
4990 0.23 
4991 0.23 
4992 0.23 
4993 0.23 
4994 0.23 
4995 0.23 
4996 0.23 
4997 0.23 
4998 0.23 
4999 0.23 
5000 0.23 
5001 0.23 
5002 0.23 
5003 0.23 
5004 0.23 
5005 0.23 
5006 0.23 
5007 0.23 
5008 0.23 
5009 0.23 
5010 0.23 
5011 0.23 
5012 0.23 
5013 0.23 
5014 0.23 
5015 0.23 
5016 0.23 
5017 0.23 
5018 0.23 
5019 0.23 
5020 0.23 
5021 0.23 
5022 0.23 
5023 0.23 
5024 0.23 
5025 0.23 
5026 0.23 
5027 0.23 
5028 0.23 
5029 0.23 
5030 0.23 
5031 0.23 
5032 0.23 
5033 0.23 
5034 0.23 
5035 0.23 
5036 0.23 
5037 0.23 
5038 0.23 
5039 0.23 
5040 0.23 
5041 0.23 
5042 0.23 
5043 0.22 
5044 0.22 
5045 0.22 
5046 0.22 
5047 0.22 
5048 0.22 
5049 0.22 
5050 0.22 
5051 0.22 
5052 0.22 
5053 0.22 
5054 0.22 
5055 0.22 
5056 0.22 
5057 0.22 
5058 0.22 
5059 0.22 
5060 0.22 
5061 0.22 
5062 0.22 
5063 0.22 
5064 0.22 
5065 0.22 
5066 0.22 
5067 0.22 
5068 0.22 
5069 0.22 
5070 0.22 
5071 0.22 
5072 0.22 
5073 0.22 
5074 0.22 
5075 0.22 
5076 0.22 
5077 0.22 
5078 0.22 
5079 0.22 
5080 0.22 
5081 0.22 
5082 0.22 
5083 0.22 
5084 0.22 
5085 0.22 
5086 0.22 
5087 0.22 
5088 0.22 
5089 0.22 
5090 0.22 
5091 0.22 
5092 0.22 
5093 0.22 
5094 0.22 
5095 0.22 
5096 0.22 
5097 0.22 
5098 0.22 
5099 0.22 
5100 0.22 
5101 0.22 
5102 0.22 
5103 0.22 
5104 0.22 
5105 0.22 
5106 0.22 
5107 0.22 
5108 0.22 
5109 0.22 
5110 0.22 
5111 0.22 
5112 0.22 
5113 0.22 
5114 0.22 
5115 0.22 
5116 0.22 
5117 0.22 
5118 0.22 
5119 0.22 
5120 0.22 
5121 0.22 
5122 0.22 
5123 0.22 
5124 0.22 
5125 0.22 
5126 0.22 
5127 0.22 
5128 0.22 
5129 0.22 
5130 0.22 
5131 0.22 
5132 0.22 
5133 0.22 
5134 0.22 
5135 0.22 
5136 0.22 
5137 0.22 
5138 0.22 
5139 0.22 
5140 0.22 
5141 0.22 
5142 0.22 
5143 0.22 
5144 0.22 
