0
0
0
0
0
25.6729
37.4051
25.5639
42.6528
42.5498
18.1366
33.5928
21.6792
17.0566
22.4118
40.4888
25.6073
37.4051
25.5639
28.681
0
0
0
0
0
26.8881
40.6816
19.3686
27.4216
28.7544
41.0674
17.6957
53.2271
25.1552
17.0566
19.3686
46.7343
28.1989
52.5644
40.6768
0
0
0
0
0
0
0
0
0
0
33.091
35.1824
24.6561
37.8551
20.8073
31.388
0
40.6495
34.0666
39.1227
20.8073
25.3137
33.091
36.8954
24.7672
0
0
0
0
0
34.6047
36.8954
30.5915
20.897
39.8423
35.0057
32.942
44.7599
0
32.3953
41.5551
41.7263
35.8666
20.897
34.6047
0
0
0
0
0
0
0
0
0
0
31.4232
28.0306
37.7
30.6764
32.0022
31.5452
34.0572
31.3363
33.9078
37.8116
30.9098
30.6764
31.4232
33.2439
28.0306
0
0
0
0
0
27.8701
29.4871
26.7177
27.8169
41.8136
34.1019
37.8116
31.3363
37.7146
35.7151
26.7177
29.4871
37.7066
36.4181
27.8169
0
0
0
0
0
0
0
0
0
0
20.2353
24.6097
22.8199
28.3199
26.8701
31.087
23.2565
25.9686
24.9623
27.4341
29.5699
21.4156
26.8701
22.8199
20.2353
0
0
0
0
0
26.8504
28.958
27.6702
24.788
23.0553
26.3924
24.9623
23.2565
27.4341
25.278
24.788
29.906
26.8504
27.4748
23.0553
0
0
0
0
0
0
0
0
0
0
39.3572
30.3585
26.1543
34.2794
33.6758
24.2108
20.4147
18.6322
30.5497
29.2875
31.9591
40.8468
26.1543
30.3585
35.7305
0
0
0
0
0
30.8228
30.2295
29.4986
20.3237
34.143
18.6322
29.4518
39.9161
26.6505
35.6322
32.5773
20.3237
42.6774
26.3911
25.8866
0
0
0
0
0
0
0
0
0
0
35.9407
26.846
38.2286
21.9715
82.4889
24.4309
27.2172
29.3151
37.8741
23.9672
21.9715
47.2968
43.5109
47.2968
29.5349
0
0
0
0
0
32.0389
22.9567
38.6204
47.7003
19.0422
23.9672
48.783
37.8741
48.783
24.4309
36.9671
19.0422
38.3816
24.7868
81.9787
0
0
0
0
0
0
0
0
0
0
22.3572
40.5663
29.8505
29.5934
23.7747
34.3766
19.3839
0
33.6113
43.2478
23.7747
34.3326
22.3572
25.2051
29.8505
0
0
0
0
0
29.3462
26.6252
34.3326
29.2667
52.485
19.3839
0
34.4549
25.3944
34.9695
29.3462
42.7032
34.842
29.2667
26.6252
0
0
0
0
0
0
0
0
0
0
0
29.8338
26.379
26.2556
24.6684
30.2008
21.8133
27.8344
30.2008
30.2924
24.6684
0
26.3232
26.3232
31.1218
0
0
0
0
0
21.6664
19.5741
26.8326
21.6664
30.6597
26.0021
34.2715
21.8133
21.8133
30.2924
34.2715
35.2668
19.5741
27.1276
28.0837
0
0
0
0
0
0
0
0
0
0
21.7541
24.4437
31.4623
30.623
27.1193
31.5341
28.8368
30.0363
24.9024
26.3931
37.7391
44.1585
27.1193
30.8712
21.7541
0
0
0
0
0
30.7251
24.2902
35.9214
33.5606
35.5901
24.9024
43.8941
29.2693
25.3536
28.8368
30.243
30.8997
33.6498
24.2902
30.7251
0
0
0
0
0
0
0
0
0
0
22.1284
17.6085
20.5628
58.369
49.0381
40.1401
25.4815
19.2979
33.1206
30.313
44.5303
32.4022
17.6085
22.1284
52.3638
0
0
0
0
0
35.3749
25.1776
17.2321
33.3084
31.41
39.9769
33.1206
19.2979
29.1255
54.9644
33.3084
19.3507
17.2321
53.9133
35.3749
0
0
0
0
0
0
0
0
0
0
50.6049
24.9128
23.2413
22.8802
51.6754
21.9015
51.7152
25.343
52.616
24.2344
24.7313
24.9128
22.8802
29.8572
23.2413
0
0
0
0
0
24.3319
24.026
27.5631
38.5469
23.8542
24.2344
26.693
21.9015
29.6889
24.4116
25.0112
29.1603
23.8542
24.3319
24.026
0
0
0
0
0
0
0
0
0
0
33.8612
29.3577
24.5553
33.4258
22.6968
21.8039
30.4018
41.931
21.8039
29.633
30.5436
26.5644
27.5993
22.6968
35.5011
0
0
0
0
0
23.7859
34.4124
43.5588
23.7859
41.1756
35.5285
31.3581
23.2058
21.8039
29.633
37.8391
25.9084
27.8602
30.5889
23.7859
0
0
0
0
0
0
0
0
0
0
18.1581
35.0388
21.961
24.2298
24.6914
23.5785
35.8913
24.1933
27.5805
57.4476
33.927
41.3716
32.9032
24.6914
18.1581
0
0
0
0
0
20.9853
34.0718
20.5925
26.3949
55.2122
36.3638
44.0191
35.333
35.8913
23.5785
20.7276
36.467
20.5925
20.9853
34.0718
0
0
0
0
0
0
0
0
0
0
32.5046
24.1816
41.4389
47.7141
25.4517
25.1881
27.5909
37.7626
30.16
41.8331
26.844
24.1816
25.4517
28.5316
33.664
0
0
0
0
0
26.5309
32.5996
43.6377
35.7001
32.2303
38.9726
35.2232
27.0113
25.1881
39.5003
45.0497
38.4286
32.2303
36.9812
26.5309
0
0
0
0
0
0
0
0
0
0
24.7198
32.9829
26.1911
24.6817
24.939
25.9348
28.5922
26.125
37.6695
26.618
46.0307
26.1911
24.7198
24.6817
29.1375
0
0
0
0
0
22.2676
26.3572
25.7095
36.5751
24.645
48.0401
28.5922
25.9348
28.5268
28.5139
23.4653
31.5377
26.3572
22.2676
22.5189
0
0
0
0
0
0
0
0
0
0
36.9829
30.6717
27.702
24.8786
27.0837
45.955
44.3612
32.3784
34.0898
21.9625
27.0837
49.994
28.9468
35.645
24.8786
0
0
0
0
0
45.3246
44.337
38.3259
25.753
26.5751
23.9681
44.8733
22.4183
41.7804
21.9625
25.753
28.9088
26.7095
26.5751
32.9961
0
0
0
0
0
0
0
0
0
0
34.2371
30.4221
23.1516
27.1092
35.498
50.3961
33.0874
29.3146
37.6528
19.9835
26.601
43.2795
30.4221
23.1516
25.4658
0
0
0
0
0
46.7817
35.2901
34.1849
40.3882
26.9524
26.0937
45.3043
41.3406
19.9835
23.6579
40.3285
36.4562
26.9524
27.0989
38.3982
0
0
0
0
0
0
0
0
0
0
29.0392
25.4709
29.912
34.2997
30.7931
40.7579
26.6842
27.1631
33.2363
30.586
25.4709
28.0418
29.2727
34.2997
29.912
0
0
0
0
0
36.0157
22.6819
29.8749
35.264
28.9687
26.6842
28.4702
29.1629
30.586
33.1386
29.4752
22.6819
30.6886
28.9687
29.244
0
0
0
0
0
0
0
0
0
0
25.6136
31.3851
29.1814
29.8665
27.4297
0
32.609
37.9623
28.3528
36.2699
29.8665
43.0256
29.1814
25.6136
32.9367
0
0
0
0
0
25.6136
22.159
33.4806
24.0936
32.9171
33.947
46.3687
35.4575
0
36.1015
22.159
31.3851
34.0792
31.6648
27.4297
0
0
0
0
0
0
0
0
0
0
42.0345
37.823
22.5076
28.161
36.3542
55.2567
34.598
43.761
37.97
35.5235
24.5499
28.161
67.8116
48.7873
22.5076
0
0
0
0
0
50.6517
30.0252
30.8692
50.512
24.6318
39.4453
34.598
55.2567
37.97
35.5235
44.3047
39.5844
35.8091
31.0963
24.6318
0
0
0
0
0
0
0
0
0
0
22.2545
31.3119
41.1015
24.6045
21.5172
38.1722
30.7067
23.2668
22.2545
22.5601
33.5201
23.9975
26.6429
21.5172
22.2545
0
0
0
0
0
39.7596
27.0432
20.7836
0
20.5194
30.7067
23.5702
27.9474
22.5601
22.2545
0
27.0432
36.329
23.0147
20.5194
0
0
0
0
0
0
0
0
0
0
22.2687
22.8296
19.4705
20.0853
22.6257
36.6059
27.369
24.0696
30.1176
21.8042
19.4705
19.6073
25.8298
29.6427
44.6083
0
0
0
0
0
50.6703
32.4332
42.9109
27.1398
20.0485
21.8042
22.6922
27.369
31.5408
24.0696
23.072
24.3422
20.2367
20.0485
27.1398
0
0
0
0
0
0
0
0
0
0
25.7111
39.6174
39.6174
26.4479
0
27.5232
32.7439
28.4207
35.0039
26.4694
0
25.7111
29.2344
34.8496
27.7473
0
0
0
0
0
29.4121
32.7439
27.3748
35.2549
26.4694
26.4694
28.7252
27.5232
33.4322
30.3744
27.3748
39.8463
39.8463
29.4121
26.4694
0
0
0
0
0
0
0
0
0
0
46.0331
26.1592
27.9998
28.0196
46.0331
33.5773
28.4185
32.3753
29.6221
27.402
27.9821
34.6391
47.8944
26.1592
37.8854
0
0
0
0
0
23.3012
18.6971
43.3522
24.7137
25.3535
32.2365
33.5503
54.3395
27.402
32.3753
43.6156
24.1357
21.7446
18.6971
43.6156
0
0
0
0
0
0
0
0
0
0
27.4442
54.0908
32.2893
32.2151
51.6379
27.6418
26.0164
22.8275
28.8224
25.4495
51.6379
30.1111
27.4442
28.9485
36.0785
0
0
0
0
0
27.7882
30.9815
25.009
28.851
30.4633
72.5146
26.0164
22.8275
24.0337
32.48
25.009
91.0189
32.3395
30.2977
85.4494
0
0
0
0
0
0
0
0
0
0
36.853
38.6577
26.5545
29.1871
46.6716
37.3597
24.7969
27.7936
41.6024
29.8426
28.3119
42.6384
26.5545
30.2926
36.853
0
0
0
0
0
41.2167
26.5528
28.4262
53.5814
25.9683
24.7969
41.6001
27.7936
28.9618
29.8426
25.9683
40.6207
26.5528
29.2701
38.8723
0
0
0
0
0
0
0
0
0
0
21.423
25.524
27.8476
26.6022
28.9325
36.1162
27.5674
28.4165
28.0751
40.0978
25.524
30.8138
21.423
26.7771
26.6022
0
0
0
0
0
33.8774
24.1295
21.7095
23.9661
42.9298
32.2356
29.9835
27.5674
32.1558
28.0751
21.7095
30.7806
30.596
34.1308
23.9661
0
0
0
0
0
0
0
0
0
0
42.7195
37.4232
34.4748
22.3228
34.9233
46.2886
53.9819
47.9481
42.3764
39.7617
22.3228
34.4748
34.9233
39.0031
46.6467
0
0
0
0
0
31.2677
48.3185
45.3551
35.3838
47.0941
47.4271
39.7617
51.1275
42.3764
40.6595
45.3551
31.2677
42.1634
49.0991
35.3838
0
0
0
0
0
0
0
0
0
0
29.7503
25.0657
23.9347
26.4972
39.2274
19.4724
29.2195
25.6755
24.1869
31.5346
27.6611
23.9347
31.6403
25.5915
37.6264
0
0
0
0
0
24.4959
26.4211
22.9449
22.8355
33.3526
25.4091
19.4724
37.3043
26.3805
32.3038
29.3356
26.8778
22.9449
22.8355
43.8027
0
0
0
0
0
0
0
0
0
0
31.1787
28.1989
23.6818
35.1368
37.9388
28.9005
34.2697
29.7775
29.9546
38.182
38.1494
30.3427
23.6818
28.1221
28.1989
0
0
0
0
0
23.375
21.3295
23.6333
25.2114
27.0077
37.9291
28.9005
29.7775
31.7204
29.0631
21.3295
23.5793
25.2114
44.9709
43.6523
0
0
0
0
0
0
0
0
0
0
36.7307
28.4933
0
31.3069
32.3816
28.0795
25.8593
34.2038
32.5115
33.0884
28.4933
0
41.8917
47.7291
31.3069
0
0
0
0
0
23.974
28.543
40.4408
32.5115
28.6445
27.7291
32.5115
36.0919
49.4998
25.8593
31.4998
23.974
32.5115
28.543
33.8592
0
0
0
0
0
0
0
0
0
0
29.6869
36.2583
35.1117
36.3718
36.3856
33.2849
43.5021
28.0445
29.329
35.0025
34.8378
36.3267
32.5459
35.1845
29.6869
0
0
0
0
0
30.3549
31.7156
33.46
35.4066
29.3844
31.2172
29.329
29.6365
28.0445
35.2882
29.3844
32.7766
31.7156
40.8422
36.023
0
0
0
0
0
0
0
0
0
0
34.8915
22.5034
26.6084
27.5041
23.7361
26.6084
41.5322
21.1658
17.7289
22.5034
22.5034
32.6861
44.3057
23.7361
32.5998
0
0
0
0
0
0
27.4292
21.4104
22.7611
0
22.5034
29.3148
41.2255
17.7289
32.5998
27.4292
0
0
21.4104
22.5529
0
0
0
0
0
0
0
0
0
0
32.3834
36.3759
33.8273
27.1493
23.3542
35.6839
40.5041
0
31.3601
0
39.0014
34.5377
23.3542
33.8273
29.2288
0
0
0
0
0
37.1899
42.1952
33.8273
29.354
23.3542
39.4575
33.0363
0
0
34.5055
34.3414
34.3336
31.6385
27.1493
23.3542
0
0
0
0
0
0
0
0
0
0
31.6353
30.0586
21.1672
46.5636
18.3956
29.5218
34.5773
24.9969
35.7784
43.4149
21.6482
30.0586
32.6045
18.3956
33.8362
0
0
0
0
0
35.6564
42.6467
24.7725
33.094
41.7112
26.5444
29.5218
34.5773
24.9969
33.1586
30.4862
33.094
24.8467
42.369
24.7725
0
0
0
0
0
0
0
0
0
0
22.4919
27.314
21.0637
33.3562
29.7679
36.9089
34.8969
37.5233
30.6481
34.3344
33.3562
22.4919
25.341
26.5475
21.0637
0
0
0
0
0
38.5008
27.7399
30.1895
25.6337
20.3198
34.8969
30.6481
34.9325
32.7234
41.961
25.6337
31.3546
34.437
27.7399
20.3198
0
0
0
0
0
0
0
0
0
0
28.2321
30.9064
59.0303
34.4735
40.6788
44.0851
42.8364
38.0296
29.8921
33.2354
28.2321
45.0416
47.4408
30.9064
30.8563
0
0
0
0
0
39.5289
42.5552
34.6309
27.9549
22.5774
32.4145
46.3806
46.436
33.2354
29.8921
27.9549
29.1887
55.7365
22.5774
34.6887
0
0
0
0
0
0
0
0
0
0
22.0175
35.8089
20.11
20.4429
20.1316
21.7372
21.0067
17.8358
21.484
27.8024
43.9243
20.1316
22.0175
20.11
38.2878
0
0
0
0
0
22.6159
39.5986
21.254
17.7977
43.9494
21.0067
21.484
22.0102
17.8358
27.8024
28.1409
36.7026
21.254
22.6159
17.7977
0
0
0
0
0
0
0
0
0
0
22.8153
45.5907
23.895
29.4103
34.8312
29.3994
37.6949
26.5051
22.6867
31.564
30.4798
34.9542
27.9753
33.016
22.8153
0
0
0
0
0
30.6721
35.5991
28.2605
24.6296
31.8302
27.9135
38.5405
28.8878
31.6493
22.6867
24.6296
49.484
25.0572
35.477
32.4606
0
0
0
0
0
0
0
0
0
0
33.2326
26.4479
27.9137
31.3831
40.3334
27.0942
25.8559
42.6259
21.822
23.4241
49.5488
27.9137
49.4678
28.0125
26.4479
0
0
0
0
0
22.5881
32.1159
29.0582
23.5464
26.8754
47.098
24.8842
51.4326
23.4241
21.822
32.8437
23.5464
22.5881
27.946
29.0582
0
0
0
0
0
0
0
0
0
0
36.8252
24.7965
28.5087
32.1656
34.0565
27.4403
30.5178
23.0357
38.9481
25.0049
38.5386
24.7965
34.0565
33.7988
26.3219
0
0
0
0
0
28.072
30.5604
19.368
29.5935
23.7044
36.6462
23.0357
38.9481
27.4403
26.1058
31.1957
19.368
32.6459
24.9042
29.5935
0
0
0
0
0
0
0
0
0
0
33.0062
25.9421
29.5241
26.3995
32.6951
47.937
30.7896
36.0056
33.3589
40.4639
29.5241
26.3995
25.9421
36.0381
33.0958
0
0
0
0
0
43.8318
28.2774
34.6093
35.6247
40.0177
34.9674
33.3589
33.1424
40.4639
30.7896
33.9267
28.2774
34.6093
33.6636
31.0581
0
0
0
0
0
0
0
0
0
0
23.9223
27.6863
33.1907
22.8953
27.7149
35.4547
32.5925
24.6132
28.828
30.3833
46.0017
22.8953
41.119
32.7868
27.7149
0
0
0
0
0
35.0091
43.5848
27.0605
29.3921
44.2849
35.1503
24.6132
30.3833
38.6512
37.875
28.1503
28.9415
29.3921
27.0605
31.3476
0
0
0
0
0
0
0
0
0
0
22.6741
33.1149
24.7716
34.6813
24.7716
29.6773
40.2512
28.5781
29.6773
25.2737
38.5815
23.1586
22.6741
38.5815
51.3219
0
0
0
0
0
27.8255
43.7235
24.6348
27.8255
26.6954
33.8572
25.9556
25.2737
33.8572
40.2512
27.8508
33.8112
24.6348
41.039
24.6348
0
0
0
0
0
0
0
0
0
0
28.5408
38.1542
29.4283
30.6028
23.2668
40.8113
26.2047
35.7436
20.4731
31.9456
41.4699
34.0135
28.5408
30.5146
23.2668
0
0
0
0
0
36.4721
30.1359
30.1095
27.2854
37.7572
32.9416
33.3413
35.7436
24.7257
20.4731
30.1095
37.2395
32.2188
35.6391
27.2854
0
0
0
0
0
0
0
0
0
0
19.9573
33.3634
22.2869
34.0036
27.2255
58.8558
37.9718
60.7785
24.7703
31.2813
22.2869
19.9573
27.8992
25.4556
26.1554
0
0
0
0
0
50.3977
38.4219
60.612
23.55
29.6352
24.7703
31.2813
32.3677
26.0952
28.8481
29.7817
40.5036
26.0095
38.0022
23.55
0
0
0
0
0
0
0
0
0
0
20.5574
37.3449
25.6199
26.0982
22.1929
26.2429
31.3146
23.7838
20.3011
21.3502
27.6542
26.0982
26.4348
20.5574
25.6199
0
0
0
0
0
19.0048
21.8326
25.9874
19.8683
17.0984
25.8165
24.2892
23.7838
20.3011
27.7576
19.8683
24.7346
19.0048
25.9874
17.0984
0
0
0
0
0
0
0
0
0
0
42.0854
20.9083
23.8234
25.095
26.7611
23.3271
34.6049
17.9933
23.668
43.8292
26.0949
25.095
20.9083
24.8336
23.8234
0
0
0
0
0
19.7291
28.0689
26.6078
23.7328
39.9837
21.37
17.9933
24.5122
20.3391
23.668
39.3325
23.7328
26.6078
19.7291
28.0689
0
0
0
0
0
0
0
0
0
0
26.3015
20.1982
25.1523
32.8929
29.0191
26.3123
26.5552
33.1289
27.2102
28.8901
44.128
41.8029
20.1982
25.1523
44.0222
0
0
0
0
0
45.3442
27.347
29.0545
46.1909
27.5313
27.2102
28.9774
26.5552
29.8251
26.3123
27.5313
29.085
31.9778
28.2989
27.347
0
0
0
0
0
0
0
0
0
0
34.6413
23.7324
24.3581
37.1842
26.5244
33.86
25.567
28.4649
27.0304
37.3711
29.4903
26.2803
23.7324
24.3581
36.1214
0
0
0
0
0
31.9738
21.3924
33.326
23.2169
38.1914
