1 0.47 
2 0.59 
3 0.66 
4 0.71 
5 0.74 
6 0.74 
7 0.72 
8 0.73 
9 0.73 
10 0.74 
11 0.74 
12 0.73 
13 0.74 
14 0.71 
15 0.65 
16 0.64 
17 0.63 
18 0.61 
19 0.61 
20 0.60 
21 0.60 
22 0.59 
23 0.54 
24 0.51 
25 0.49 
26 0.47 
27 0.45 
28 0.43 
29 0.42 
30 0.41 
31 0.41 
32 0.40 
33 0.40 
34 0.40 
35 0.39 
36 0.39 
37 0.39 
38 0.38 
39 0.38 
40 0.38 
41 0.38 
42 0.37 
43 0.37 
44 0.38 
45 0.38 
46 0.39 
47 0.40 
48 0.40 
49 0.41 
50 0.42 
51 0.42 
52 0.43 
53 0.44 
54 0.44 
55 0.45 
56 0.45 
57 0.45 
58 0.45 
59 0.45 
60 0.46 
61 0.46 
62 0.47 
63 0.47 
64 0.47 
65 0.48 
66 0.48 
67 0.49 
68 0.49 
69 0.50 
70 0.50 
71 0.50 
72 0.51 
73 0.51 
74 0.51 
75 0.52 
76 0.52 
77 0.53 
78 0.54 
79 0.54 
80 0.55 
81 0.55 
82 0.56 
83 0.57 
84 0.57 
85 0.58 
86 0.58 
87 0.59 
88 0.60 
89 0.60 
90 0.61 
91 0.61 
92 0.61 
93 0.62 
94 0.62 
95 0.63 
96 0.63 
97 0.63 
98 0.64 
99 0.64 
100 0.64 
101 0.65 
102 0.65 
103 0.65 
104 0.66 
105 0.66 
106 0.66 
107 0.66 
108 0.67 
109 0.67 
110 0.67 
111 0.67 
112 0.67 
113 0.68 
114 0.68 
115 0.68 
116 0.68 
117 0.68 
118 0.69 
119 0.69 
120 0.69 
121 0.69 
122 0.69 
123 0.69 
124 0.69 
125 0.70 
126 0.70 
127 0.70 
128 0.70 
129 0.70 
130 0.71 
131 0.71 
132 0.71 
133 0.71 
134 0.72 
135 0.72 
136 0.72 
137 0.72 
138 0.72 
139 0.72 
140 0.72 
141 0.72 
142 0.71 
143 0.71 
144 0.71 
145 0.71 
146 0.71 
147 0.72 
148 0.72 
149 0.71 
150 0.71 
151 0.71 
152 0.70 
153 0.70 
154 0.70 
155 0.70 
156 0.70 
157 0.70 
158 0.70 
159 0.70 
160 0.69 
161 0.69 
162 0.69 
163 0.69 
164 0.69 
165 0.69 
166 0.69 
167 0.69 
168 0.68 
169 0.68 
170 0.68 
171 0.68 
172 0.68 
173 0.68 
174 0.68 
175 0.68 
176 0.68 
177 0.68 
178 0.68 
179 0.68 
180 0.68 
181 0.67 
182 0.68 
183 0.67 
184 0.67 
185 0.67 
186 0.67 
187 0.67 
188 0.68 
189 0.68 
190 0.68 
191 0.68 
192 0.68 
193 0.68 
194 0.68 
195 0.69 
196 0.69 
197 0.69 
198 0.69 
199 0.69 
200 0.69 
201 0.69 
202 0.69 
203 0.69 
204 0.69 
205 0.69 
206 0.69 
207 0.69 
208 0.69 
209 0.69 
210 0.69 
211 0.69 
212 0.69 
213 0.69 
214 0.70 
215 0.70 
216 0.70 
217 0.70 
218 0.70 
219 0.70 
220 0.70 
221 0.71 
222 0.71 
223 0.71 
224 0.71 
225 0.71 
226 0.71 
227 0.71 
228 0.71 
229 0.72 
230 0.72 
231 0.72 
232 0.71 
233 0.71 
234 0.70 
235 0.70 
236 0.71 
237 0.71 
238 0.71 
239 0.70 
240 0.70 
241 0.70 
242 0.69 
243 0.69 
244 0.69 
245 0.69 
246 0.69 
247 0.69 
248 0.69 
249 0.69 
250 0.69 
251 0.70 
252 0.70 
253 0.70 
254 0.70 
255 0.70 
256 0.70 
257 0.70 
258 0.70 
259 0.70 
260 0.71 
261 0.71 
262 0.71 
263 0.71 
264 0.71 
265 0.71 
266 0.71 
267 0.71 
268 0.72 
269 0.72 
270 0.72 
271 0.72 
272 0.72 
273 0.72 
274 0.72 
275 0.72 
276 0.72 
277 0.72 
278 0.72 
279 0.72 
280 0.72 
281 0.72 
282 0.72 
283 0.73 
284 0.73 
285 0.73 
286 0.73 
287 0.73 
288 0.73 
289 0.73 
290 0.73 
291 0.73 
292 0.73 
293 0.73 
294 0.73 
295 0.73 
296 0.74 
297 0.74 
298 0.74 
299 0.74 
300 0.74 
301 0.74 
302 0.74 
303 0.74 
304 0.74 
305 0.74 
306 0.74 
307 0.74 
308 0.74 
309 0.74 
310 0.74 
311 0.74 
312 0.74 
313 0.74 
314 0.74 
315 0.74 
316 0.74 
317 0.74 
318 0.74 
319 0.74 
320 0.74 
321 0.74 
322 0.74 
323 0.74 
324 0.74 
325 0.74 
326 0.74 
327 0.74 
328 0.74 
329 0.74 
330 0.74 
331 0.74 
332 0.74 
333 0.74 
334 0.74 
335 0.74 
336 0.74 
337 0.74 
338 0.74 
339 0.75 
340 0.75 
341 0.75 
342 0.75 
343 0.75 
344 0.75 
345 0.75 
346 0.75 
347 0.75 
348 0.75 
349 0.75 
350 0.75 
351 0.75 
352 0.75 
353 0.75 
354 0.75 
355 0.75 
356 0.75 
357 0.75 
358 0.76 
359 0.76 
360 0.76 
361 0.76 
362 0.76 
363 0.76 
364 0.76 
365 0.76 
366 0.76 
367 0.76 
368 0.76 
369 0.76 
370 0.76 
371 0.76 
372 0.76 
373 0.77 
374 0.77 
375 0.77 
376 0.77 
377 0.77 
378 0.77 
379 0.77 
380 0.77 
381 0.77 
382 0.77 
383 0.77 
384 0.77 
385 0.77 
386 0.77 
387 0.77 
388 0.77 
389 0.78 
390 0.78 
391 0.78 
392 0.78 
393 0.78 
394 0.78 
395 0.78 
396 0.78 
397 0.78 
398 0.78 
399 0.78 
400 0.78 
401 0.78 
402 0.78 
403 0.78 
404 0.78 
405 0.78 
406 0.78 
407 0.78 
408 0.78 
409 0.78 
410 0.78 
411 0.78 
412 0.78 
413 0.78 
414 0.78 
415 0.78 
416 0.79 
417 0.79 
418 0.79 
419 0.79 
420 0.79 
421 0.79 
422 0.79 
423 0.79 
424 0.79 
425 0.79 
426 0.79 
427 0.78 
428 0.78 
429 0.78 
430 0.78 
431 0.78 
432 0.78 
433 0.78 
434 0.78 
435 0.78 
436 0.78 
437 0.78 
438 0.78 
439 0.78 
440 0.77 
441 0.77 
442 0.77 
443 0.77 
444 0.77 
445 0.77 
446 0.77 
447 0.77 
448 0.77 
449 0.77 
450 0.77 
451 0.77 
452 0.78 
453 0.78 
454 0.78 
455 0.78 
456 0.78 
457 0.78 
458 0.78 
459 0.78 
460 0.78 
461 0.78 
462 0.78 
463 0.78 
464 0.78 
465 0.78 
466 0.78 
467 0.78 
468 0.78 
469 0.78 
470 0.78 
471 0.78 
472 0.78 
473 0.78 
474 0.78 
475 0.78 
476 0.79 
477 0.79 
478 0.79 
479 0.79 
480 0.79 
481 0.79 
482 0.79 
483 0.79 
484 0.79 
485 0.79 
486 0.79 
487 0.79 
488 0.79 
489 0.79 
490 0.79 
491 0.79 
492 0.79 
493 0.79 
494 0.79 
495 0.79 
496 0.79 
497 0.79 
498 0.79 
499 0.80 
500 0.80 
501 0.80 
502 0.80 
503 0.80 
504 0.80 
505 0.80 
506 0.80 
507 0.80 
508 0.80 
509 0.80 
510 0.80 
511 0.80 
512 0.80 
513 0.80 
514 0.80 
515 0.80 
516 0.80 
517 0.80 
518 0.80 
519 0.80 
520 0.80 
521 0.80 
522 0.80 
523 0.80 
524 0.80 
525 0.80 
526 0.80 
527 0.80 
528 0.80 
529 0.80 
530 0.80 
531 0.80 
532 0.80 
533 0.80 
534 0.80 
535 0.80 
536 0.80 
537 0.80 
538 0.80 
539 0.80 
540 0.80 
541 0.80 
542 0.80 
543 0.80 
544 0.80 
545 0.80 
546 0.80 
547 0.80 
548 0.80 
549 0.80 
550 0.80 
551 0.80 
552 0.80 
553 0.80 
554 0.80 
555 0.80 
556 0.80 
557 0.80 
558 0.81 
559 0.81 
560 0.81 
561 0.81 
562 0.81 
563 0.80 
564 0.80 
565 0.80 
566 0.80 
567 0.80 
568 0.80 
569 0.80 
570 0.80 
571 0.80 
572 0.80 
573 0.80 
574 0.80 
575 0.80 
576 0.80 
577 0.80 
578 0.80 
579 0.80 
580 0.80 
581 0.80 
582 0.80 
583 0.81 
584 0.81 
585 0.81 
586 0.81 
587 0.81 
588 0.81 
589 0.81 
590 0.81 
591 0.81 
592 0.81 
593 0.81 
594 0.81 
595 0.81 
596 0.81 
597 0.81 
598 0.81 
599 0.81 
600 0.81 
601 0.81 
602 0.81 
603 0.81 
604 0.81 
605 0.81 
606 0.81 
607 0.81 
608 0.81 
609 0.81 
610 0.81 
611 0.81 
612 0.81 
613 0.81 
614 0.81 
615 0.81 
616 0.81 
617 0.81 
618 0.81 
619 0.81 
620 0.81 
621 0.81 
622 0.81 
623 0.81 
624 0.81 
625 0.81 
626 0.81 
627 0.81 
628 0.81 
629 0.81 
630 0.81 
631 0.82 
632 0.81 
633 0.81 
634 0.81 
635 0.81 
636 0.80 
637 0.80 
638 0.80 
639 0.80 
640 0.80 
641 0.80 
642 0.80 
643 0.80 
644 0.80 
645 0.80 
646 0.80 
647 0.80 
648 0.80 
649 0.80 
650 0.80 
651 0.80 
652 0.80 
653 0.80 
654 0.80 
655 0.80 
656 0.80 
657 0.80 
658 0.80 
659 0.80 
660 0.80 
661 0.80 
662 0.80 
663 0.80 
664 0.80 
665 0.80 
666 0.80 
667 0.80 
668 0.80 
669 0.80 
670 0.80 
671 0.80 
672 0.80 
673 0.80 
674 0.80 
675 0.80 
676 0.80 
677 0.80 
678 0.80 
679 0.80 
680 0.80 
681 0.80 
682 0.80 
683 0.80 
684 0.80 
685 0.80 
686 0.80 
687 0.80 
688 0.80 
689 0.80 
690 0.80 
691 0.80 
692 0.80 
693 0.81 
694 0.81 
695 0.81 
696 0.81 
697 0.81 
698 0.81 
699 0.81 
700 0.81 
701 0.81 
702 0.81 
703 0.81 
704 0.81 
705 0.81 
706 0.81 
707 0.81 
708 0.81 
709 0.81 
710 0.81 
711 0.81 
712 0.81 
713 0.81 
714 0.81 
715 0.81 
716 0.81 
717 0.81 
718 0.81 
719 0.81 
720 0.81 
721 0.81 
722 0.81 
723 0.81 
724 0.81 
725 0.81 
726 0.81 
727 0.81 
728 0.81 
729 0.81 
730 0.81 
731 0.81 
732 0.81 
733 0.81 
734 0.81 
735 0.81 
736 0.81 
737 0.81 
738 0.81 
739 0.81 
740 0.81 
741 0.81 
742 0.81 
743 0.81 
744 0.81 
745 0.81 
746 0.81 
747 0.81 
748 0.81 
749 0.81 
750 0.81 
751 0.81 
752 0.81 
753 0.81 
754 0.81 
755 0.81 
756 0.81 
757 0.81 
758 0.81 
759 0.81 
760 0.81 
761 0.81 
762 0.81 
763 0.81 
764 0.81 
765 0.81 
766 0.81 
767 0.81 
768 0.81 
769 0.81 
770 0.81 
771 0.81 
772 0.81 
773 0.81 
774 0.81 
775 0.81 
776 0.81 
777 0.81 
778 0.81 
779 0.81 
780 0.81 
781 0.81 
782 0.81 
783 0.81 
784 0.81 
785 0.81 
786 0.81 
787 0.81 
788 0.81 
789 0.81 
790 0.81 
791 0.81 
792 0.81 
793 0.81 
794 0.81 
795 0.81 
796 0.81 
797 0.81 
798 0.81 
799 0.81 
800 0.81 
801 0.81 
802 0.81 
803 0.81 
804 0.81 
805 0.81 
806 0.81 
807 0.81 
808 0.81 
809 0.81 
810 0.81 
811 0.81 
812 0.81 
813 0.81 
814 0.80 
815 0.80 
816 0.80 
817 0.80 
818 0.80 
819 0.79 
820 0.79 
821 0.79 
822 0.79 
823 0.79 
824 0.79 
825 0.79 
826 0.79 
827 0.79 
828 0.79 
829 0.79 
830 0.79 
831 0.79 
832 0.79 
833 0.79 
834 0.79 
835 0.79 
836 0.79 
837 0.79 
838 0.79 
839 0.79 
840 0.79 
841 0.79 
842 0.79 
843 0.79 
844 0.79 
845 0.79 
846 0.79 
847 0.79 
848 0.79 
849 0.79 
850 0.79 
851 0.79 
852 0.79 
853 0.79 
854 0.79 
855 0.79 
856 0.79 
857 0.79 
858 0.79 
859 0.79 
860 0.79 
861 0.79 
862 0.79 
863 0.79 
864 0.79 
865 0.79 
866 0.79 
867 0.79 
868 0.79 
869 0.79 
870 0.79 
871 0.79 
872 0.79 
873 0.79 
874 0.79 
875 0.79 
876 0.79 
877 0.79 
878 0.79 
879 0.79 
880 0.79 
881 0.79 
882 0.79 
883 0.79 
884 0.79 
885 0.79 
886 0.79 
887 0.79 
888 0.79 
889 0.79 
890 0.79 
891 0.79 
892 0.79 
893 0.79 
894 0.79 
895 0.79 
896 0.80 
897 0.80 
898 0.80 
899 0.80 
900 0.80 
901 0.80 
902 0.80 
903 0.80 
904 0.80 
905 0.80 
906 0.80 
907 0.80 
908 0.79 
909 0.79 
910 0.79 
911 0.79 
912 0.79 
913 0.79 
914 0.79 
915 0.79 
916 0.79 
917 0.79 
918 0.79 
919 0.79 
920 0.79 
921 0.79 
922 0.79 
923 0.79 
924 0.79 
925 0.79 
926 0.79 
927 0.79 
928 0.79 
929 0.79 
930 0.79 
931 0.79 
932 0.79 
933 0.79 
934 0.79 
935 0.79 
936 0.79 
937 0.79 
938 0.79 
939 0.79 
940 0.79 
941 0.79 
942 0.79 
943 0.79 
944 0.79 
945 0.79 
946 0.79 
947 0.79 
948 0.79 
949 0.79 
950 0.79 
951 0.79 
952 0.79 
953 0.79 
954 0.79 
955 0.79 
956 0.79 
957 0.79 
958 0.79 
959 0.79 
960 0.79 
961 0.79 
962 0.79 
963 0.79 
964 0.79 
965 0.79 
966 0.79 
967 0.79 
968 0.79 
969 0.79 
970 0.79 
971 0.79 
972 0.79 
973 0.80 
974 0.79 
975 0.79 
976 0.79 
977 0.79 
978 0.79 
979 0.79 
980 0.79 
981 0.79 
982 0.79 
983 0.79 
984 0.79 
985 0.79 
986 0.79 
987 0.79 
988 0.79 
989 0.79 
990 0.79 
991 0.79 
992 0.79 
993 0.79 
994 0.79 
995 0.79 
996 0.79 
997 0.79 
998 0.79 
999 0.78 
1000 0.78 
1001 0.78 
1002 0.78 
1003 0.78 
1004 0.78 
1005 0.78 
1006 0.78 
1007 0.78 
1008 0.78 
1009 0.77 
1010 0.77 
1011 0.77 
1012 0.77 
1013 0.77 
1014 0.77 
1015 0.77 
1016 0.77 
1017 0.77 
1018 0.77 
1019 0.77 
1020 0.76 
1021 0.76 
1022 0.76 
1023 0.76 
1024 0.76 
1025 0.76 
1026 0.76 
1027 0.76 
1028 0.76 
1029 0.76 
1030 0.75 
1031 0.75 
1032 0.75 
1033 0.75 
1034 0.75 
1035 0.75 
1036 0.75 
1037 0.75 
1038 0.75 
1039 0.75 
1040 0.75 
1041 0.74 
1042 0.74 
1043 0.74 
1044 0.74 
1045 0.74 
1046 0.74 
1047 0.74 
1048 0.74 
1049 0.74 
1050 0.74 
1051 0.74 
1052 0.74 
1053 0.74 
1054 0.74 
1055 0.73 
1056 0.73 
1057 0.73 
1058 0.73 
1059 0.73 
1060 0.73 
1061 0.73 
1062 0.73 
1063 0.73 
1064 0.73 
1065 0.73 
1066 0.73 
1067 0.73 
1068 0.73 
1069 0.73 
1070 0.73 
1071 0.73 
1072 0.73 
1073 0.73 
1074 0.73 
1075 0.73 
1076 0.73 
1077 0.73 
1078 0.73 
1079 0.73 
1080 0.73 
1081 0.73 
1082 0.73 
1083 0.73 
1084 0.73 
1085 0.73 
1086 0.73 
1087 0.73 
1088 0.73 
1089 0.73 
1090 0.73 
1091 0.72 
1092 0.72 
1093 0.72 
1094 0.72 
1095 0.72 
1096 0.72 
1097 0.72 
1098 0.72 
1099 0.72 
1100 0.72 
1101 0.72 
1102 0.72 
1103 0.72 
1104 0.72 
1105 0.72 
1106 0.72 
1107 0.72 
1108 0.72 
1109 0.72 
1110 0.72 
1111 0.72 
1112 0.72 
1113 0.72 
1114 0.72 
1115 0.72 
1116 0.72 
1117 0.72 
1118 0.72 
1119 0.72 
1120 0.72 
1121 0.72 
1122 0.72 
1123 0.72 
1124 0.72 
1125 0.72 
1126 0.72 
1127 0.72 
1128 0.72 
1129 0.72 
1130 0.72 
1131 0.72 
1132 0.72 
1133 0.72 
1134 0.72 
1135 0.72 
1136 0.72 
1137 0.72 
1138 0.72 
1139 0.72 
1140 0.72 
1141 0.72 
1142 0.72 
1143 0.72 
1144 0.72 
1145 0.71 
1146 0.71 
1147 0.71 
1148 0.71 
1149 0.71 
1150 0.71 
1151 0.71 
1152 0.71 
1153 0.71 
1154 0.71 
1155 0.71 
1156 0.71 
1157 0.71 
1158 0.71 
1159 0.71 
1160 0.71 
1161 0.71 
1162 0.71 
1163 0.71 
1164 0.71 
1165 0.71 
1166 0.71 
1167 0.71 
1168 0.71 
1169 0.71 
1170 0.71 
1171 0.71 
1172 0.71 
1173 0.71 
1174 0.71 
1175 0.71 
1176 0.71 
1177 0.71 
1178 0.71 
1179 0.71 
1180 0.71 
1181 0.71 
1182 0.71 
1183 0.71 
1184 0.71 
1185 0.71 
1186 0.71 
1187 0.71 
1188 0.71 
1189 0.71 
1190 0.71 
1191 0.71 
1192 0.70 
1193 0.70 
1194 0.70 
1195 0.70 
1196 0.70 
1197 0.70 
1198 0.70 
1199 0.70 
1200 0.70 
1201 0.70 
1202 0.70 
1203 0.70 
1204 0.70 
1205 0.70 
1206 0.70 
1207 0.70 
1208 0.70 
1209 0.70 
1210 0.70 
1211 0.70 
1212 0.70 
1213 0.70 
1214 0.70 
1215 0.70 
1216 0.70 
1217 0.70 
1218 0.70 
1219 0.70 
1220 0.70 
1221 0.70 
1222 0.70 
1223 0.70 
1224 0.70 
1225 0.70 
1226 0.70 
1227 0.70 
1228 0.70 
1229 0.70 
1230 0.70 
1231 0.70 
1232 0.70 
1233 0.70 
1234 0.70 
1235 0.70 
1236 0.70 
1237 0.70 
1238 0.70 
1239 0.70 
1240 0.70 
1241 0.70 
1242 0.70 
1243 0.70 
1244 0.70 
1245 0.70 
1246 0.70 
1247 0.70 
1248 0.70 
1249 0.70 
1250 0.70 
1251 0.70 
1252 0.70 
1253 0.70 
1254 0.70 
1255 0.70 
1256 0.70 
1257 0.70 
1258 0.69 
1259 0.69 
1260 0.69 
1261 0.69 
1262 0.69 
1263 0.69 
1264 0.69 
1265 0.69 
1266 0.69 
1267 0.69 
1268 0.69 
1269 0.69 
1270 0.69 
1271 0.69 
1272 0.69 
1273 0.69 
1274 0.69 
1275 0.69 
1276 0.69 
1277 0.69 
1278 0.69 
1279 0.69 
1280 0.69 
1281 0.69 
1282 0.69 
1283 0.69 
1284 0.69 
1285 0.69 
1286 0.69 
1287 0.69 
1288 0.69 
1289 0.69 
1290 0.69 
1291 0.69 
1292 0.69 
1293 0.69 
1294 0.69 
1295 0.69 
1296 0.69 
1297 0.69 
1298 0.69 
1299 0.69 
1300 0.69 
1301 0.69 
1302 0.68 
1303 0.68 
1304 0.68 
1305 0.68 
1306 0.68 
1307 0.68 
1308 0.68 
1309 0.68 
1310 0.68 
1311 0.68 
1312 0.68 
1313 0.68 
1314 0.68 
1315 0.68 
1316 0.68 
1317 0.68 
1318 0.68 
1319 0.68 
1320 0.68 
1321 0.69 
1322 0.69 
1323 0.69 
1324 0.69 
1325 0.69 
1326 0.69 
1327 0.69 
1328 0.69 
1329 0.69 
1330 0.69 
1331 0.69 
1332 0.69 
1333 0.69 
1334 0.69 
1335 0.69 
1336 0.69 
1337 0.69 
1338 0.69 
1339 0.69 
1340 0.69 
1341 0.69 
1342 0.69 
1343 0.69 
1344 0.69 
1345 0.69 
1346 0.69 
1347 0.69 
1348 0.69 
1349 0.69 
1350 0.68 
1351 0.68 
1352 0.68 
1353 0.68 
1354 0.68 
1355 0.68 
1356 0.68 
1357 0.68 
1358 0.68 
1359 0.68 
1360 0.68 
1361 0.68 
1362 0.68 
1363 0.68 
1364 0.68 
1365 0.68 
1366 0.68 
1367 0.68 
1368 0.67 
1369 0.67 
1370 0.67 
1371 0.67 
1372 0.67 
1373 0.67 
1374 0.67 
1375 0.67 
1376 0.67 
1377 0.67 
1378 0.67 
1379 0.67 
1380 0.67 
1381 0.67 
1382 0.67 
1383 0.67 
1384 0.67 
1385 0.67 
1386 0.67 
1387 0.67 
1388 0.67 
1389 0.67 
1390 0.67 
1391 0.67 
1392 0.67 
1393 0.67 
1394 0.67 
1395 0.67 
1396 0.67 
1397 0.67 
1398 0.67 
1399 0.67 
1400 0.67 
1401 0.67 
1402 0.67 
1403 0.67 
1404 0.67 
1405 0.67 
1406 0.67 
1407 0.67 
1408 0.67 
1409 0.67 
1410 0.67 
1411 0.67 
1412 0.67 
1413 0.67 
1414 0.67 
1415 0.67 
1416 0.67 
1417 0.67 
1418 0.67 
1419 0.67 
1420 0.67 
1421 0.67 
1422 0.67 
1423 0.67 
1424 0.67 
1425 0.67 
1426 0.67 
1427 0.67 
1428 0.67 
1429 0.67 
1430 0.67 
1431 0.67 
1432 0.67 
1433 0.67 
1434 0.67 
1435 0.67 
1436 0.67 
1437 0.67 
1438 0.67 
1439 0.67 
1440 0.67 
1441 0.67 
1442 0.67 
1443 0.67 
1444 0.67 
1445 0.67 
1446 0.67 
1447 0.67 
1448 0.67 
1449 0.67 
1450 0.67 
1451 0.67 
1452 0.67 
1453 0.67 
1454 0.68 
1455 0.68 
1456 0.68 
1457 0.68 
1458 0.68 
1459 0.68 
1460 0.68 
1461 0.68 
1462 0.68 
1463 0.68 
1464 0.68 
1465 0.68 
1466 0.68 
1467 0.68 
1468 0.68 
1469 0.68 
1470 0.68 
1471 0.68 
1472 0.68 
1473 0.68 
1474 0.68 
1475 0.68 
1476 0.68 
1477 0.68 
1478 0.68 
1479 0.68 
1480 0.68 
1481 0.68 
1482 0.68 
1483 0.68 
1484 0.68 
1485 0.68 
1486 0.68 
1487 0.68 
1488 0.68 
1489 0.68 
1490 0.68 
1491 0.68 
1492 0.68 
1493 0.68 
1494 0.68 
1495 0.68 
1496 0.68 
1497 0.68 
1498 0.68 
1499 0.68 
1500 0.68 
1501 0.68 
1502 0.68 
1503 0.68 
1504 0.68 
1505 0.68 
1506 0.68 
1507 0.68 
1508 0.68 
1509 0.68 
1510 0.68 
1511 0.68 
1512 0.68 
1513 0.68 
1514 0.68 
1515 0.68 
1516 0.69 
1517 0.69 
1518 0.69 
1519 0.69 
1520 0.69 
1521 0.69 
1522 0.69 
1523 0.69 
1524 0.69 
1525 0.69 
1526 0.69 
1527 0.69 
1528 0.69 
1529 0.69 
1530 0.69 
1531 0.69 
1532 0.69 
1533 0.69 
1534 0.69 
1535 0.69 
1536 0.69 
1537 0.69 
1538 0.69 
1539 0.69 
1540 0.69 
1541 0.69 
1542 0.69 
1543 0.69 
1544 0.69 
1545 0.69 
1546 0.69 
1547 0.69 
1548 0.69 
1549 0.69 
1550 0.69 
1551 0.69 
1552 0.69 
1553 0.69 
1554 0.69 
1555 0.69 
1556 0.69 
1557 0.69 
1558 0.69 
1559 0.69 
1560 0.69 
1561 0.69 
1562 0.69 
1563 0.69 
1564 0.69 
1565 0.69 
1566 0.69 
1567 0.69 
1568 0.69 
1569 0.69 
1570 0.69 
1571 0.69 
1572 0.69 
1573 0.69 
1574 0.69 
1575 0.69 
1576 0.69 
1577 0.69 
1578 0.69 
1579 0.69 
1580 0.69 
1581 0.69 
1582 0.69 
1583 0.69 
1584 0.69 
1585 0.69 
1586 0.69 
1587 0.70 
1588 0.70 
1589 0.70 
1590 0.70 
1591 0.70 
1592 0.70 
1593 0.70 
1594 0.70 
1595 0.70 
1596 0.70 
1597 0.70 
1598 0.70 
1599 0.70 
1600 0.70 
1601 0.70 
1602 0.70 
1603 0.70 
1604 0.70 
1605 0.70 
1606 0.70 
1607 0.70 
1608 0.70 
1609 0.70 
1610 0.70 
1611 0.70 
1612 0.70 
1613 0.70 
1614 0.70 
1615 0.70 
1616 0.70 
1617 0.70 
1618 0.70 
1619 0.70 
1620 0.70 
1621 0.70 
1622 0.70 
1623 0.70 
1624 0.70 
1625 0.70 
1626 0.70 
1627 0.70 
1628 0.70 
1629 0.70 
1630 0.70 
1631 0.69 
1632 0.69 
1633 0.69 
1634 0.69 
1635 0.69 
1636 0.69 
1637 0.70 
1638 0.70 
1639 0.70 
1640 0.70 
1641 0.70 
1642 0.70 
1643 0.70 
1644 0.70 
1645 0.70 
1646 0.70 
1647 0.70 
1648 0.70 
1649 0.70 
1650 0.70 
1651 0.70 
1652 0.70 
1653 0.70 
1654 0.70 
1655 0.70 
1656 0.70 
1657 0.70 
1658 0.70 
1659 0.70 
1660 0.70 
1661 0.70 
1662 0.70 
1663 0.70 
1664 0.70 
1665 0.70 
1666 0.70 
1667 0.70 
1668 0.70 
1669 0.70 
1670 0.70 
1671 0.70 
1672 0.70 
1673 0.70 
1674 0.70 
1675 0.70 
1676 0.70 
1677 0.70 
1678 0.70 
1679 0.70 
1680 0.70 
1681 0.70 
1682 0.70 
1683 0.70 
1684 0.70 
1685 0.70 
1686 0.70 
1687 0.70 
1688 0.70 
1689 0.70 
1690 0.70 
1691 0.70 
1692 0.70 
1693 0.70 
1694 0.70 
1695 0.70 
1696 0.70 
1697 0.70 
1698 0.70 
1699 0.70 
1700 0.70 
1701 0.70 
1702 0.70 
1703 0.70 
1704 0.70 
1705 0.70 
1706 0.71 
1707 0.71 
1708 0.71 
1709 0.71 
1710 0.71 
1711 0.71 
1712 0.71 
1713 0.71 
1714 0.71 
1715 0.71 
1716 0.71 
1717 0.71 
1718 0.71 
1719 0.71 
1720 0.71 
1721 0.71 
1722 0.71 
1723 0.71 
1724 0.71 
1725 0.71 
1726 0.71 
1727 0.71 
1728 0.71 
1729 0.71 
1730 0.71 
1731 0.71 
1732 0.71 
1733 0.71 
1734 0.71 
1735 0.71 
1736 0.71 
1737 0.71 
1738 0.71 
1739 0.71 
1740 0.71 
1741 0.71 
1742 0.71 
1743 0.71 
1744 0.71 
1745 0.71 
1746 0.71 
1747 0.71 
1748 0.71 
1749 0.71 
1750 0.71 
1751 0.71 
1752 0.71 
1753 0.71 
1754 0.71 
1755 0.71 
1756 0.71 
1757 0.71 
1758 0.71 
1759 0.71 
1760 0.71 
1761 0.71 
1762 0.71 
1763 0.71 
1764 0.71 
1765 0.71 
1766 0.71 
1767 0.71 
1768 0.71 
1769 0.71 
1770 0.71 
1771 0.71 
1772 0.71 
1773 0.71 
1774 0.72 
1775 0.72 
1776 0.72 
1777 0.72 
1778 0.72 
1779 0.72 
1780 0.72 
1781 0.72 
1782 0.72 
1783 0.72 
1784 0.72 
1785 0.72 
1786 0.72 
1787 0.72 
1788 0.72 
1789 0.72 
1790 0.72 
1791 0.72 
1792 0.72 
1793 0.72 
1794 0.72 
1795 0.72 
1796 0.72 
1797 0.72 
1798 0.72 
1799 0.72 
1800 0.72 
1801 0.72 
1802 0.72 
1803 0.72 
1804 0.72 
1805 0.72 
1806 0.72 
1807 0.72 
1808 0.72 
1809 0.72 
1810 0.72 
1811 0.72 
1812 0.72 
1813 0.72 
1814 0.72 
1815 0.72 
1816 0.72 
1817 0.72 
1818 0.72 
1819 0.72 
1820 0.72 
1821 0.72 
1822 0.72 
1823 0.72 
1824 0.72 
1825 0.72 
1826 0.72 
1827 0.72 
1828 0.72 
1829 0.72 
1830 0.72 
1831 0.72 
1832 0.72 
1833 0.72 
1834 0.72 
1835 0.72 
1836 0.72 
1837 0.72 
1838 0.72 
1839 0.72 
1840 0.72 
1841 0.72 
1842 0.72 
1843 0.72 
1844 0.72 
1845 0.72 
1846 0.72 
1847 0.72 
1848 0.72 
1849 0.72 
1850 0.72 
1851 0.72 
1852 0.72 
1853 0.72 
1854 0.72 
1855 0.72 
1856 0.72 
1857 0.72 
1858 0.72 
1859 0.72 
1860 0.72 
1861 0.72 
1862 0.72 
1863 0.72 
1864 0.72 
1865 0.72 
1866 0.72 
1867 0.72 
1868 0.72 
1869 0.72 
1870 0.72 
1871 0.72 
1872 0.72 
1873 0.72 
1874 0.72 
1875 0.72 
1876 0.72 
1877 0.72 
1878 0.72 
1879 0.72 
1880 0.72 
1881 0.72 
1882 0.72 
1883 0.72 
1884 0.72 
1885 0.72 
1886 0.72 
1887 0.72 
1888 0.72 
1889 0.72 
1890 0.72 
1891 0.72 
1892 0.71 
1893 0.71 
1894 0.71 
1895 0.71 
1896 0.71 
1897 0.71 
1898 0.71 
1899 0.71 
1900 0.71 
1901 0.71 
1902 0.71 
1903 0.71 
1904 0.70 
1905 0.70 
1906 0.70 
1907 0.70 
1908 0.70 
1909 0.70 
1910 0.70 
1911 0.70 
1912 0.70 
1913 0.70 
1914 0.70 
1915 0.70 
1916 0.70 
1917 0.70 
1918 0.70 
1919 0.70 
1920 0.70 
1921 0.70 
1922 0.70 
1923 0.70 
1924 0.70 
1925 0.70 
1926 0.70 
1927 0.70 
1928 0.70 
1929 0.70 
1930 0.70 
1931 0.70 
1932 0.70 
1933 0.70 
1934 0.70 
1935 0.70 
1936 0.70 
1937 0.70 
1938 0.70 
1939 0.70 
1940 0.70 
1941 0.70 
1942 0.70 
1943 0.70 
1944 0.70 
1945 0.70 
1946 0.70 
1947 0.70 
1948 0.70 
1949 0.70 
1950 0.70 
1951 0.70 
1952 0.70 
1953 0.70 
1954 0.70 
1955 0.70 
1956 0.70 
1957 0.70 
1958 0.70 
1959 0.70 
1960 0.70 
1961 0.70 
1962 0.70 
1963 0.70 
1964 0.70 
1965 0.70 
1966 0.70 
1967 0.70 
1968 0.70 
1969 0.70 
1970 0.70 
1971 0.69 
1972 0.69 
1973 0.69 
1974 0.69 
1975 0.69 
1976 0.69 
1977 0.69 
1978 0.69 
1979 0.69 
1980 0.69 
1981 0.69 
1982 0.69 
1983 0.69 
1984 0.69 
1985 0.69 
1986 0.69 
1987 0.69 
1988 0.69 
1989 0.69 
1990 0.69 
1991 0.69 
1992 0.69 
1993 0.69 
1994 0.69 
1995 0.69 
1996 0.69 
1997 0.69 
1998 0.69 
1999 0.69 
2000 0.69 
2001 0.69 
2002 0.69 
2003 0.69 
2004 0.69 
2005 0.69 
2006 0.69 
2007 0.69 
2008 0.69 
2009 0.69 
2010 0.69 
2011 0.69 
2012 0.69 
2013 0.69 
2014 0.69 
2015 0.69 
2016 0.69 
2017 0.69 
2018 0.69 
2019 0.69 
2020 0.69 
2021 0.69 
2022 0.69 
2023 0.69 
2024 0.69 
2025 0.69 
2026 0.69 
2027 0.69 
2028 0.69 
2029 0.69 
2030 0.69 
2031 0.69 
2032 0.69 
2033 0.69 
2034 0.69 
2035 0.69 
2036 0.69 
2037 0.69 
2038 0.69 
2039 0.69 
2040 0.69 
2041 0.69 
2042 0.69 
2043 0.69 
2044 0.69 
2045 0.69 
2046 0.69 
2047 0.69 
2048 0.69 
2049 0.69 
2050 0.69 
2051 0.69 
2052 0.69 
2053 0.69 
2054 0.69 
2055 0.69 
2056 0.69 
2057 0.69 
2058 0.69 
2059 0.69 
2060 0.69 
2061 0.69 
2062 0.69 
2063 0.69 
2064 0.69 
2065 0.69 
2066 0.69 
2067 0.69 
2068 0.69 
2069 0.69 
2070 0.69 
2071 0.69 
2072 0.69 
2073 0.69 
2074 0.69 
2075 0.69 
2076 0.69 
2077 0.69 
2078 0.69 
2079 0.69 
2080 0.69 
2081 0.69 
2082 0.69 
2083 0.69 
2084 0.69 
2085 0.69 
2086 0.69 
2087 0.69 
2088 0.69 
2089 0.69 
2090 0.69 
2091 0.69 
2092 0.69 
2093 0.69 
2094 0.69 
2095 0.69 
2096 0.69 
2097 0.69 
2098 0.70 
2099 0.70 
2100 0.69 
2101 0.69 
2102 0.69 
2103 0.69 
2104 0.69 
2105 0.69 
2106 0.69 
2107 0.69 
2108 0.69 
2109 0.69 
2110 0.69 
2111 0.69 
2112 0.69 
2113 0.69 
2114 0.69 
2115 0.69 
2116 0.69 
2117 0.69 
2118 0.69 
2119 0.69 
2120 0.69 
2121 0.69 
2122 0.69 
2123 0.69 
2124 0.68 
2125 0.68 
2126 0.68 
2127 0.68 
2128 0.68 
2129 0.68 
2130 0.68 
2131 0.68 
2132 0.68 
2133 0.68 
2134 0.68 
2135 0.68 
2136 0.68 
2137 0.68 
2138 0.67 
2139 0.67 
2140 0.67 
2141 0.67 
2142 0.67 
2143 0.67 
2144 0.67 
2145 0.67 
2146 0.67 
2147 0.67 
2148 0.67 
2149 0.67 
2150 0.67 
2151 0.67 
2152 0.67 
2153 0.67 
2154 0.66 
2155 0.66 
2156 0.66 
2157 0.66 
2158 0.66 
2159 0.66 
2160 0.66 
2161 0.66 
2162 0.66 
2163 0.66 
2164 0.66 
2165 0.66 
2166 0.66 
2167 0.65 
2168 0.65 
2169 0.65 
2170 0.65 
2171 0.65 
2172 0.65 
2173 0.65 
2174 0.65 
2175 0.65 
2176 0.65 
2177 0.65 
2178 0.65 
2179 0.65 
2180 0.64 
2181 0.64 
2182 0.64 
2183 0.64 
2184 0.64 
2185 0.64 
2186 0.64 
2187 0.64 
2188 0.64 
2189 0.64 
2190 0.64 
2191 0.64 
2192 0.64 
2193 0.64 
2194 0.63 
2195 0.63 
2196 0.63 
2197 0.63 
2198 0.63 
2199 0.63 
2200 0.63 
2201 0.63 
2202 0.63 
2203 0.63 
2204 0.63 
2205 0.63 
2206 0.63 
2207 0.63 
2208 0.63 
2209 0.63 
2210 0.63 
2211 0.63 
2212 0.63 
2213 0.63 
2214 0.63 
2215 0.63 
2216 0.63 
2217 0.63 
2218 0.63 
2219 0.63 
2220 0.63 
2221 0.63 
2222 0.63 
2223 0.62 
2224 0.62 
2225 0.62 
2226 0.62 
2227 0.62 
2228 0.62 
2229 0.62 
2230 0.62 
2231 0.62 
2232 0.62 
2233 0.62 
2234 0.62 
2235 0.62 
2236 0.62 
2237 0.62 
2238 0.62 
2239 0.62 
2240 0.62 
2241 0.62 
2242 0.62 
2243 0.62 
2244 0.62 
2245 0.62 
2246 0.62 
2247 0.62 
2248 0.62 
2249 0.62 
2250 0.62 
2251 0.62 
2252 0.62 
2253 0.62 
2254 0.62 
2255 0.62 
2256 0.62 
2257 0.62 
2258 0.62 
2259 0.62 
2260 0.62 
2261 0.62 
2262 0.62 
2263 0.62 
2264 0.62 
2265 0.62 
2266 0.62 
2267 0.62 
2268 0.62 
2269 0.62 
2270 0.62 
2271 0.62 
2272 0.62 
2273 0.62 
2274 0.62 
2275 0.62 
2276 0.62 
2277 0.62 
2278 0.62 
2279 0.62 
2280 0.62 
2281 0.62 
2282 0.62 
2283 0.62 
2284 0.62 
2285 0.62 
2286 0.62 
2287 0.62 
2288 0.62 
2289 0.62 
2290 0.62 
2291 0.62 
2292 0.62 
2293 0.62 
2294 0.62 
2295 0.62 
2296 0.62 
2297 0.62 
2298 0.62 
2299 0.62 
2300 0.62 
2301 0.62 
2302 0.62 
2303 0.62 
2304 0.62 
2305 0.63 
2306 0.63 
2307 0.63 
2308 0.63 
2309 0.63 
2310 0.63 
2311 0.63 
2312 0.63 
2313 0.63 
2314 0.63 
2315 0.63 
2316 0.63 
2317 0.63 
2318 0.63 
2319 0.63 
2320 0.63 
2321 0.63 
2322 0.63 
2323 0.63 
2324 0.63 
2325 0.63 
2326 0.63 
2327 0.63 
2328 0.63 
2329 0.63 
2330 0.63 
2331 0.63 
2332 0.63 
2333 0.63 
2334 0.63 
2335 0.63 
2336 0.63 
2337 0.63 
2338 0.63 
2339 0.63 
2340 0.63 
2341 0.63 
2342 0.63 
2343 0.63 
2344 0.63 
2345 0.63 
2346 0.63 
2347 0.63 
2348 0.63 
2349 0.63 
2350 0.63 
2351 0.63 
2352 0.63 
2353 0.63 
2354 0.63 
2355 0.63 
2356 0.63 
2357 0.63 
2358 0.63 
2359 0.63 
2360 0.63 
2361 0.63 
2362 0.63 
2363 0.63 
2364 0.63 
2365 0.63 
2366 0.63 
2367 0.63 
2368 0.63 
2369 0.63 
2370 0.63 
2371 0.63 
2372 0.63 
2373 0.63 
2374 0.63 
2375 0.63 
2376 0.63 
2377 0.63 
2378 0.63 
2379 0.63 
2380 0.63 
2381 0.63 
2382 0.63 
2383 0.63 
2384 0.63 
2385 0.63 
2386 0.63 
2387 0.63 
2388 0.63 
2389 0.63 
2390 0.63 
2391 0.63 
2392 0.63 
2393 0.63 
2394 0.63 
2395 0.63 
2396 0.63 
2397 0.63 
2398 0.63 
2399 0.63 
2400 0.63 
2401 0.63 
2402 0.63 
2403 0.63 
2404 0.63 
2405 0.63 
2406 0.63 
2407 0.63 
2408 0.63 
2409 0.63 
2410 0.63 
2411 0.63 
2412 0.63 
2413 0.63 
2414 0.63 
2415 0.63 
2416 0.63 
2417 0.63 
2418 0.63 
2419 0.63 
2420 0.63 
2421 0.63 
2422 0.63 
2423 0.63 
2424 0.63 
2425 0.63 
2426 0.63 
2427 0.63 
2428 0.63 
2429 0.64 
2430 0.64 
2431 0.64 
2432 0.64 
2433 0.64 
2434 0.64 
2435 0.64 
2436 0.64 
2437 0.64 
2438 0.64 
2439 0.64 
2440 0.64 
2441 0.64 
2442 0.64 
2443 0.64 
2444 0.64 
2445 0.64 
2446 0.64 
2447 0.64 
2448 0.64 
2449 0.64 
2450 0.64 
2451 0.64 
2452 0.64 
2453 0.64 
2454 0.64 
2455 0.64 
2456 0.64 
2457 0.64 
2458 0.64 
2459 0.64 
2460 0.64 
2461 0.64 
2462 0.64 
2463 0.64 
2464 0.64 
2465 0.64 
2466 0.64 
2467 0.64 
2468 0.64 
2469 0.64 
2470 0.64 
2471 0.64 
2472 0.64 
2473 0.64 
2474 0.64 
2475 0.64 
2476 0.64 
2477 0.64 
2478 0.64 
2479 0.64 
2480 0.64 
2481 0.64 
2482 0.64 
2483 0.64 
2484 0.64 
2485 0.64 
2486 0.64 
2487 0.64 
2488 0.64 
2489 0.64 
2490 0.64 
2491 0.64 
2492 0.64 
2493 0.64 
2494 0.64 
2495 0.64 
2496 0.64 
2497 0.64 
2498 0.64 
2499 0.64 
2500 0.64 
2501 0.64 
2502 0.64 
2503 0.64 
2504 0.64 
2505 0.64 
2506 0.64 
2507 0.64 
2508 0.64 
2509 0.64 
2510 0.64 
2511 0.64 
2512 0.64 
2513 0.64 
2514 0.64 
2515 0.64 
2516 0.64 
2517 0.64 
2518 0.64 
2519 0.64 
2520 0.64 
2521 0.64 
2522 0.64 
2523 0.64 
2524 0.64 
2525 0.64 
2526 0.64 
2527 0.64 
2528 0.64 
2529 0.64 
2530 0.64 
2531 0.64 
2532 0.64 
2533 0.64 
2534 0.64 
2535 0.64 
2536 0.64 
2537 0.64 
2538 0.64 
2539 0.64 
2540 0.64 
2541 0.64 
2542 0.64 
2543 0.64 
2544 0.64 
2545 0.64 
2546 0.64 
2547 0.64 
2548 0.64 
2549 0.64 
2550 0.64 
2551 0.64 
2552 0.64 
2553 0.64 
2554 0.64 
2555 0.64 
2556 0.64 
2557 0.64 
2558 0.64 
2559 0.64 
2560 0.64 
2561 0.64 
2562 0.64 
2563 0.64 
2564 0.64 
2565 0.64 
2566 0.64 
2567 0.64 
2568 0.64 
2569 0.64 
2570 0.64 
2571 0.64 
2572 0.64 
2573 0.64 
2574 0.64 
2575 0.64 
2576 0.64 
2577 0.64 
2578 0.64 
2579 0.64 
2580 0.64 
2581 0.64 
2582 0.64 
2583 0.64 
2584 0.64 
2585 0.64 
2586 0.64 
2587 0.64 
2588 0.64 
2589 0.64 
2590 0.64 
2591 0.64 
2592 0.64 
2593 0.64 
2594 0.64 
2595 0.64 
2596 0.64 
2597 0.64 
2598 0.64 
2599 0.64 
2600 0.64 
2601 0.64 
2602 0.64 
2603 0.64 
2604 0.64 
2605 0.64 
2606 0.64 
2607 0.64 
2608 0.64 
2609 0.63 
2610 0.63 
2611 0.63 
2612 0.63 
2613 0.63 
2614 0.63 
2615 0.63 
2616 0.63 
2617 0.63 
2618 0.63 
2619 0.63 
2620 0.63 
2621 0.63 
2622 0.63 
2623 0.63 
2624 0.63 
2625 0.63 
2626 0.63 
2627 0.63 
2628 0.63 
2629 0.63 
2630 0.63 
2631 0.63 
2632 0.63 
2633 0.63 
2634 0.63 
2635 0.63 
2636 0.63 
2637 0.63 
2638 0.63 
2639 0.63 
2640 0.63 
2641 0.63 
2642 0.63 
2643 0.63 
2644 0.63 
2645 0.63 
2646 0.63 
2647 0.63 
2648 0.63 
2649 0.63 
2650 0.63 
2651 0.63 
2652 0.63 
2653 0.63 
2654 0.63 
2655 0.63 
2656 0.63 
2657 0.63 
2658 0.63 
2659 0.63 
2660 0.63 
2661 0.63 
2662 0.63 
2663 0.63 
2664 0.63 
2665 0.63 
2666 0.63 
2667 0.63 
2668 0.63 
2669 0.63 
2670 0.63 
2671 0.63 
2672 0.63 
2673 0.64 
2674 0.64 
2675 0.64 
2676 0.64 
2677 0.64 
2678 0.64 
2679 0.64 
2680 0.64 
2681 0.64 
2682 0.64 
2683 0.64 
2684 0.64 
2685 0.64 
2686 0.64 
2687 0.64 
2688 0.64 
2689 0.64 
2690 0.64 
2691 0.64 
2692 0.64 
2693 0.64 
2694 0.64 
2695 0.64 
2696 0.64 
2697 0.64 
2698 0.64 
2699 0.64 
2700 0.64 
2701 0.64 
2702 0.64 
2703 0.64 
2704 0.64 
2705 0.64 
2706 0.64 
2707 0.64 
2708 0.64 
2709 0.64 
2710 0.64 
2711 0.64 
2712 0.64 
2713 0.64 
2714 0.64 
2715 0.64 
2716 0.64 
2717 0.64 
2718 0.64 
2719 0.64 
2720 0.64 
2721 0.64 
2722 0.64 
2723 0.64 
2724 0.64 
2725 0.64 
2726 0.64 
2727 0.64 
2728 0.64 
2729 0.64 
2730 0.64 
2731 0.64 
2732 0.64 
2733 0.64 
2734 0.64 
2735 0.64 
2736 0.64 
2737 0.64 
2738 0.64 
2739 0.64 
2740 0.64 
2741 0.63 
2742 0.63 
2743 0.63 
2744 0.63 
2745 0.63 
2746 0.63 
2747 0.63 
2748 0.63 
2749 0.63 
2750 0.63 
2751 0.63 
2752 0.63 
2753 0.63 
2754 0.63 
2755 0.63 
2756 0.63 
2757 0.63 
2758 0.64 
2759 0.64 
2760 0.64 
2761 0.64 
2762 0.64 
2763 0.64 
2764 0.64 
2765 0.63 
2766 0.63 
2767 0.63 
2768 0.63 
2769 0.63 
2770 0.63 
2771 0.63 
2772 0.63 
2773 0.63 
2774 0.63 
2775 0.63 
2776 0.63 
2777 0.63 
2778 0.63 
2779 0.63 
2780 0.63 
2781 0.63 
2782 0.63 
2783 0.63 
2784 0.63 
2785 0.63 
2786 0.63 
2787 0.63 
2788 0.63 
2789 0.63 
2790 0.63 
2791 0.63 
2792 0.63 
2793 0.63 
2794 0.63 
2795 0.63 
2796 0.63 
2797 0.63 
2798 0.63 
2799 0.63 
2800 0.63 
2801 0.63 
2802 0.63 
2803 0.63 
2804 0.63 
2805 0.63 
2806 0.63 
2807 0.63 
2808 0.63 
2809 0.63 
2810 0.63 
2811 0.63 
2812 0.63 
2813 0.63 
2814 0.63 
2815 0.63 
2816 0.63 
2817 0.63 
2818 0.63 
2819 0.63 
2820 0.63 
2821 0.63 
2822 0.63 
2823 0.63 
2824 0.63 
2825 0.63 
2826 0.63 
2827 0.63 
2828 0.63 
2829 0.63 
2830 0.63 
2831 0.63 
2832 0.63 
2833 0.63 
2834 0.63 
2835 0.63 
2836 0.63 
2837 0.63 
2838 0.63 
2839 0.63 
2840 0.63 
2841 0.63 
2842 0.63 
2843 0.63 
2844 0.63 
2845 0.63 
2846 0.63 
2847 0.63 
2848 0.63 
2849 0.63 
2850 0.63 
2851 0.63 
2852 0.63 
2853 0.63 
2854 0.63 
2855 0.63 
2856 0.63 
2857 0.63 
2858 0.63 
2859 0.63 
2860 0.63 
2861 0.63 
2862 0.63 
2863 0.63 
2864 0.63 
2865 0.63 
2866 0.63 
2867 0.63 
2868 0.63 
2869 0.63 
2870 0.63 
2871 0.63 
2872 0.63 
2873 0.63 
2874 0.63 
2875 0.63 
2876 0.63 
2877 0.63 
2878 0.63 
2879 0.63 
2880 0.63 
2881 0.63 
2882 0.63 
2883 0.63 
2884 0.63 
2885 0.63 
2886 0.63 
2887 0.63 
2888 0.63 
2889 0.63 
2890 0.63 
2891 0.63 
2892 0.63 
2893 0.63 
2894 0.63 
2895 0.63 
2896 0.63 
2897 0.63 
2898 0.63 
2899 0.63 
2900 0.63 
2901 0.63 
2902 0.63 
2903 0.63 
2904 0.63 
2905 0.63 
2906 0.63 
2907 0.63 
2908 0.63 
2909 0.63 
2910 0.63 
2911 0.63 
2912 0.63 
2913 0.63 
2914 0.63 
2915 0.63 
2916 0.63 
2917 0.63 
2918 0.63 
2919 0.63 
2920 0.63 
2921 0.63 
2922 0.63 
2923 0.63 
2924 0.63 
2925 0.62 
2926 0.62 
2927 0.62 
2928 0.62 
2929 0.62 
2930 0.62 
2931 0.62 
2932 0.62 
2933 0.62 
2934 0.62 
2935 0.62 
2936 0.62 
2937 0.62 
2938 0.62 
2939 0.62 
2940 0.62 
2941 0.62 
2942 0.62 
2943 0.62 
2944 0.62 
2945 0.62 
2946 0.62 
2947 0.62 
2948 0.62 
2949 0.62 
2950 0.62 
2951 0.62 
2952 0.62 
2953 0.62 
2954 0.62 
2955 0.62 
2956 0.62 
2957 0.62 
2958 0.62 
2959 0.62 
2960 0.62 
2961 0.62 
2962 0.62 
2963 0.62 
2964 0.62 
2965 0.62 
2966 0.62 
2967 0.62 
2968 0.62 
2969 0.62 
2970 0.62 
2971 0.62 
2972 0.62 
2973 0.62 
2974 0.62 
2975 0.62 
2976 0.62 
2977 0.62 
2978 0.62 
2979 0.62 
2980 0.62 
2981 0.62 
2982 0.62 
2983 0.62 
2984 0.62 
2985 0.62 
2986 0.62 
2987 0.62 
2988 0.62 
2989 0.62 
2990 0.62 
2991 0.62 
2992 0.62 
2993 0.62 
2994 0.62 
2995 0.62 
2996 0.62 
2997 0.62 
2998 0.61 
2999 0.61 
3000 0.61 
3001 0.61 
3002 0.61 
3003 0.61 
3004 0.61 
3005 0.61 
3006 0.61 
3007 0.61 
3008 0.61 
3009 0.61 
3010 0.61 
3011 0.61 
3012 0.61 
3013 0.61 
3014 0.61 
3015 0.61 
3016 0.61 
3017 0.61 
3018 0.61 
3019 0.61 
3020 0.61 
3021 0.61 
3022 0.61 
3023 0.61 
3024 0.61 
3025 0.61 
3026 0.61 
3027 0.61 
3028 0.61 
3029 0.61 
3030 0.61 
3031 0.61 
3032 0.61 
3033 0.61 
3034 0.61 
3035 0.61 
3036 0.61 
3037 0.61 
3038 0.61 
3039 0.61 
3040 0.61 
3041 0.61 
3042 0.61 
3043 0.61 
3044 0.61 
3045 0.61 
3046 0.61 
3047 0.61 
3048 0.61 
3049 0.61 
3050 0.61 
3051 0.61 
3052 0.61 
3053 0.61 
3054 0.61 
3055 0.61 
3056 0.61 
3057 0.61 
3058 0.61 
3059 0.61 
3060 0.61 
3061 0.61 
3062 0.61 
3063 0.61 
3064 0.61 
3065 0.61 
3066 0.61 
3067 0.61 
3068 0.60 
3069 0.60 
3070 0.60 
3071 0.60 
3072 0.60 
3073 0.60 
3074 0.60 
3075 0.60 
3076 0.60 
3077 0.60 
3078 0.60 
3079 0.60 
3080 0.60 
3081 0.60 
3082 0.60 
3083 0.60 
3084 0.60 
3085 0.60 
3086 0.60 
3087 0.60 
3088 0.60 
3089 0.60 
3090 0.60 
3091 0.60 
3092 0.60 
3093 0.60 
3094 0.60 
3095 0.60 
3096 0.60 
3097 0.60 
3098 0.60 
3099 0.60 
3100 0.60 
3101 0.60 
3102 0.60 
3103 0.60 
3104 0.60 
3105 0.60 
3106 0.60 
3107 0.60 
3108 0.60 
3109 0.60 
3110 0.60 
3111 0.60 
3112 0.60 
3113 0.60 
3114 0.60 
3115 0.60 
3116 0.60 
3117 0.60 
3118 0.60 
3119 0.60 
3120 0.60 
3121 0.60 
3122 0.60 
3123 0.60 
3124 0.60 
3125 0.60 
3126 0.60 
3127 0.60 
3128 0.60 
3129 0.60 
3130 0.60 
3131 0.60 
3132 0.60 
3133 0.60 
3134 0.60 
3135 0.60 
3136 0.60 
3137 0.60 
3138 0.60 
3139 0.60 
3140 0.60 
3141 0.60 
3142 0.60 
3143 0.60 
3144 0.60 
3145 0.60 
3146 0.60 
3147 0.60 
3148 0.60 
3149 0.60 
3150 0.60 
3151 0.60 
3152 0.60 
3153 0.60 
3154 0.60 
3155 0.60 
3156 0.60 
3157 0.60 
3158 0.60 
3159 0.60 
3160 0.60 
3161 0.60 
3162 0.60 
3163 0.60 
3164 0.60 
3165 0.60 
3166 0.60 
3167 0.60 
3168 0.60 
3169 0.60 
3170 0.60 
3171 0.60 
3172 0.60 
3173 0.60 
3174 0.60 
3175 0.60 
3176 0.60 
3177 0.60 
3178 0.60 
3179 0.60 
3180 0.60 
3181 0.60 
3182 0.60 
3183 0.60 
3184 0.60 
3185 0.60 
3186 0.60 
3187 0.60 
3188 0.60 
3189 0.60 
3190 0.61 
3191 0.61 
3192 0.61 
3193 0.61 
3194 0.61 
3195 0.61 
3196 0.61 
3197 0.61 
3198 0.61 
3199 0.61 
3200 0.61 
3201 0.61 
3202 0.61 
3203 0.61 
3204 0.61 
3205 0.61 
3206 0.61 
3207 0.61 
3208 0.61 
3209 0.61 
3210 0.61 
3211 0.61 
3212 0.61 
3213 0.61 
3214 0.61 
3215 0.61 
3216 0.61 
3217 0.61 
3218 0.61 
3219 0.61 
3220 0.60 
3221 0.60 
3222 0.60 
3223 0.60 
3224 0.60 
3225 0.60 
3226 0.60 
3227 0.60 
3228 0.61 
3229 0.61 
3230 0.60 
3231 0.60 
3232 0.60 
3233 0.60 
3234 0.60 
3235 0.60 
3236 0.60 
3237 0.60 
3238 0.60 
3239 0.60 
3240 0.60 
3241 0.60 
3242 0.60 
3243 0.60 
3244 0.60 
3245 0.60 
3246 0.60 
3247 0.60 
3248 0.60 
3249 0.60 
3250 0.60 
3251 0.60 
3252 0.60 
3253 0.60 
3254 0.60 
3255 0.60 
3256 0.60 
3257 0.60 
3258 0.60 
3259 0.60 
3260 0.60 
3261 0.60 
3262 0.60 
3263 0.60 
3264 0.60 
3265 0.60 
3266 0.60 
3267 0.60 
3268 0.60 
3269 0.60 
3270 0.60 
3271 0.60 
3272 0.60 
3273 0.60 
3274 0.60 
3275 0.60 
3276 0.60 
3277 0.60 
3278 0.60 
3279 0.60 
3280 0.60 
3281 0.60 
3282 0.60 
3283 0.60 
3284 0.60 
3285 0.60 
3286 0.60 
3287 0.60 
3288 0.60 
3289 0.61 
3290 0.61 
3291 0.61 
3292 0.61 
3293 0.61 
3294 0.61 
3295 0.61 
3296 0.61 
3297 0.60 
3298 0.60 
3299 0.60 
3300 0.60 
3301 0.60 
3302 0.60 
3303 0.60 
3304 0.60 
3305 0.60 
3306 0.60 
3307 0.60 
3308 0.60 
3309 0.60 
3310 0.60 
3311 0.60 
3312 0.60 
3313 0.60 
3314 0.60 
3315 0.60 
3316 0.60 
3317 0.60 
3318 0.60 
3319 0.60 
3320 0.60 
3321 0.60 
3322 0.60 
3323 0.60 
3324 0.60 
3325 0.60 
3326 0.60 
3327 0.60 
3328 0.60 
3329 0.60 
3330 0.60 
3331 0.60 
3332 0.60 
3333 0.60 
3334 0.60 
3335 0.60 
3336 0.60 
3337 0.60 
3338 0.60 
3339 0.60 
3340 0.60 
3341 0.60 
3342 0.60 
3343 0.60 
3344 0.60 
3345 0.60 
3346 0.60 
3347 0.60 
3348 0.60 
3349 0.60 
3350 0.60 
3351 0.60 
3352 0.60 
3353 0.60 
3354 0.60 
3355 0.60 
3356 0.60 
3357 0.60 
3358 0.60 
3359 0.60 
3360 0.60 
3361 0.60 
3362 0.60 
3363 0.60 
3364 0.60 
3365 0.60 
3366 0.60 
3367 0.60 
3368 0.60 
3369 0.60 
3370 0.60 
3371 0.60 
3372 0.60 
3373 0.60 
3374 0.60 
3375 0.60 
3376 0.60 
3377 0.60 
3378 0.60 
3379 0.60 
3380 0.60 
3381 0.60 
3382 0.60 
3383 0.60 
3384 0.60 
3385 0.60 
3386 0.60 
3387 0.60 
3388 0.60 
3389 0.60 
3390 0.60 
3391 0.60 
3392 0.60 
3393 0.60 
3394 0.60 
3395 0.60 
3396 0.60 
3397 0.60 
3398 0.60 
3399 0.60 
3400 0.60 
3401 0.60 
3402 0.60 
3403 0.60 
3404 0.60 
3405 0.60 
3406 0.60 
3407 0.60 
3408 0.60 
3409 0.60 
3410 0.60 
3411 0.60 
3412 0.60 
3413 0.60 
3414 0.60 
3415 0.60 
3416 0.60 
3417 0.60 
3418 0.60 
3419 0.60 
3420 0.60 
3421 0.60 
3422 0.60 
3423 0.60 
3424 0.60 
3425 0.60 
