3426 0.60 
3427 0.60 
3428 0.60 
3429 0.60 
3430 0.60 
3431 0.60 
3432 0.60 
3433 0.60 
3434 0.59 
3435 0.59 
3436 0.59 
3437 0.59 
3438 0.59 
3439 0.59 
3440 0.59 
3441 0.59 
3442 0.59 
3443 0.59 
3444 0.59 
3445 0.59 
3446 0.59 
3447 0.59 
3448 0.59 
3449 0.59 
3450 0.59 
3451 0.59 
3452 0.59 
3453 0.59 
3454 0.59 
3455 0.59 
3456 0.59 
3457 0.59 
3458 0.59 
3459 0.59 
3460 0.59 
3461 0.59 
3462 0.59 
3463 0.59 
3464 0.59 
3465 0.59 
3466 0.59 
3467 0.59 
3468 0.58 
3469 0.58 
3470 0.58 
3471 0.58 
3472 0.58 
3473 0.58 
3474 0.58 
3475 0.58 
3476 0.58 
3477 0.58 
3478 0.58 
3479 0.58 
3480 0.58 
3481 0.58 
3482 0.58 
3483 0.58 
3484 0.58 
3485 0.58 
3486 0.58 
3487 0.58 
3488 0.58 
3489 0.58 
3490 0.58 
3491 0.58 
3492 0.58 
3493 0.58 
3494 0.58 
3495 0.58 
3496 0.58 
3497 0.58 
3498 0.58 
3499 0.58 
3500 0.58 
3501 0.58 
3502 0.58 
3503 0.58 
3504 0.58 
3505 0.58 
3506 0.58 
3507 0.58 
3508 0.58 
3509 0.58 
3510 0.58 
3511 0.58 
3512 0.58 
3513 0.58 
3514 0.58 
3515 0.58 
3516 0.58 
3517 0.58 
3518 0.58 
3519 0.58 
3520 0.58 
3521 0.57 
3522 0.57 
3523 0.57 
3524 0.57 
3525 0.57 
3526 0.57 
3527 0.57 
3528 0.57 
3529 0.57 
3530 0.57 
3531 0.57 
3532 0.57 
3533 0.57 
3534 0.57 
3535 0.57 
3536 0.57 
3537 0.57 
3538 0.57 
3539 0.57 
3540 0.57 
3541 0.57 
3542 0.57 
3543 0.57 
3544 0.57 
3545 0.57 
3546 0.57 
3547 0.57 
3548 0.57 
3549 0.57 
3550 0.57 
3551 0.57 
3552 0.57 
3553 0.57 
3554 0.57 
3555 0.57 
3556 0.57 
3557 0.57 
3558 0.57 
3559 0.57 
3560 0.57 
3561 0.57 
3562 0.57 
3563 0.57 
3564 0.57 
3565 0.57 
3566 0.57 
3567 0.57 
3568 0.57 
3569 0.57 
3570 0.57 
3571 0.57 
3572 0.56 
3573 0.56 
3574 0.56 
3575 0.56 
3576 0.56 
3577 0.56 
3578 0.56 
3579 0.56 
3580 0.56 
3581 0.56 
3582 0.56 
3583 0.56 
3584 0.56 
3585 0.56 
3586 0.56 
3587 0.56 
3588 0.56 
3589 0.56 
3590 0.56 
3591 0.56 
3592 0.56 
3593 0.56 
3594 0.56 
3595 0.56 
3596 0.56 
3597 0.56 
3598 0.56 
3599 0.56 
3600 0.56 
3601 0.56 
3602 0.56 
3603 0.56 
3604 0.56 
3605 0.56 
3606 0.56 
3607 0.56 
3608 0.56 
3609 0.56 
3610 0.56 
3611 0.56 
3612 0.56 
3613 0.56 
3614 0.56 
3615 0.56 
3616 0.56 
3617 0.56 
3618 0.56 
3619 0.56 
3620 0.56 
3621 0.56 
3622 0.56 
3623 0.56 
3624 0.56 
3625 0.56 
3626 0.55 
3627 0.55 
3628 0.55 
3629 0.55 
3630 0.55 
3631 0.55 
3632 0.55 
3633 0.55 
3634 0.55 
3635 0.55 
3636 0.55 
3637 0.55 
3638 0.55 
3639 0.55 
3640 0.55 
3641 0.55 
3642 0.55 
3643 0.55 
3644 0.55 
3645 0.55 
3646 0.55 
3647 0.55 
3648 0.55 
3649 0.55 
3650 0.55 
3651 0.55 
3652 0.55 
3653 0.55 
3654 0.55 
3655 0.55 
3656 0.55 
3657 0.55 
3658 0.55 
3659 0.55 
3660 0.55 
3661 0.55 
3662 0.55 
3663 0.55 
3664 0.55 
3665 0.55 
3666 0.55 
3667 0.55 
3668 0.55 
3669 0.55 
3670 0.55 
3671 0.55 
3672 0.55 
3673 0.54 
3674 0.54 
3675 0.54 
3676 0.54 
3677 0.54 
3678 0.54 
3679 0.54 
3680 0.54 
3681 0.54 
3682 0.54 
3683 0.54 
3684 0.54 
3685 0.54 
3686 0.54 
3687 0.54 
3688 0.54 
3689 0.54 
3690 0.54 
3691 0.54 
3692 0.54 
3693 0.54 
3694 0.54 
3695 0.54 
3696 0.54 
3697 0.54 
3698 0.54 
3699 0.54 
3700 0.54 
3701 0.54 
3702 0.54 
3703 0.54 
3704 0.54 
3705 0.54 
3706 0.54 
3707 0.54 
3708 0.54 
3709 0.54 
3710 0.54 
3711 0.54 
3712 0.54 
3713 0.54 
3714 0.54 
3715 0.54 
3716 0.54 
3717 0.54 
3718 0.54 
3719 0.54 
3720 0.54 
3721 0.54 
3722 0.54 
3723 0.54 
3724 0.54 
3725 0.53 
3726 0.53 
3727 0.53 
3728 0.53 
3729 0.53 
3730 0.53 
3731 0.53 
3732 0.53 
3733 0.53 
3734 0.53 
3735 0.53 
3736 0.53 
3737 0.53 
3738 0.53 
3739 0.53 
3740 0.53 
3741 0.53 
3742 0.53 
3743 0.53 
3744 0.53 
3745 0.53 
3746 0.53 
3747 0.53 
3748 0.53 
3749 0.53 
3750 0.53 
3751 0.53 
3752 0.53 
3753 0.53 
3754 0.53 
3755 0.53 
3756 0.53 
3757 0.53 
3758 0.53 
3759 0.53 
3760 0.53 
3761 0.53 
3762 0.53 
3763 0.53 
3764 0.53 
3765 0.53 
3766 0.53 
3767 0.53 
3768 0.53 
3769 0.53 
3770 0.53 
3771 0.52 
3772 0.52 
3773 0.52 
3774 0.52 
3775 0.52 
3776 0.52 
3777 0.52 
3778 0.52 
3779 0.52 
3780 0.52 
3781 0.52 
3782 0.52 
3783 0.52 
3784 0.52 
3785 0.52 
3786 0.52 
3787 0.52 
3788 0.52 
3789 0.52 
3790 0.52 
3791 0.52 
3792 0.52 
3793 0.52 
3794 0.52 
3795 0.52 
3796 0.52 
3797 0.52 
3798 0.52 
3799 0.52 
3800 0.52 
3801 0.52 
3802 0.52 
3803 0.52 
3804 0.52 
3805 0.52 
3806 0.52 
3807 0.52 
3808 0.52 
3809 0.52 
3810 0.52 
3811 0.52 
3812 0.52 
3813 0.52 
3814 0.52 
3815 0.52 
3816 0.52 
3817 0.52 
3818 0.52 
3819 0.52 
3820 0.52 
3821 0.52 
3822 0.52 
3823 0.52 
3824 0.52 
3825 0.52 
3826 0.52 
3827 0.52 
3828 0.52 
3829 0.52 
3830 0.52 
3831 0.52 
3832 0.51 
3833 0.51 
3834 0.51 
3835 0.51 
3836 0.51 
3837 0.51 
3838 0.51 
3839 0.51 
3840 0.51 
3841 0.51 
3842 0.51 
3843 0.51 
3844 0.51 
3845 0.51 
3846 0.51 
3847 0.51 
3848 0.51 
3849 0.51 
3850 0.51 
3851 0.51 
3852 0.51 
3853 0.51 
3854 0.51 
3855 0.51 
3856 0.51 
3857 0.51 
3858 0.51 
3859 0.51 
3860 0.51 
3861 0.51 
3862 0.51 
3863 0.51 
3864 0.51 
3865 0.51 
3866 0.51 
3867 0.51 
3868 0.51 
3869 0.51 
3870 0.51 
3871 0.51 
3872 0.51 
3873 0.51 
3874 0.51 
3875 0.51 
3876 0.51 
3877 0.51 
3878 0.51 
3879 0.51 
3880 0.51 
3881 0.51 
3882 0.51 
3883 0.51 
3884 0.51 
3885 0.51 
3886 0.51 
3887 0.51 
3888 0.51 
3889 0.51 
3890 0.51 
3891 0.51 
3892 0.51 
3893 0.51 
3894 0.51 
3895 0.50 
3896 0.50 
3897 0.50 
3898 0.50 
3899 0.50 
3900 0.50 
3901 0.50 
3902 0.50 
3903 0.50 
3904 0.50 
3905 0.50 
3906 0.50 
3907 0.50 
3908 0.50 
3909 0.50 
3910 0.50 
3911 0.50 
3912 0.50 
3913 0.50 
3914 0.50 
3915 0.50 
3916 0.50 
3917 0.50 
3918 0.50 
3919 0.50 
3920 0.50 
3921 0.50 
3922 0.50 
3923 0.50 
3924 0.50 
3925 0.50 
3926 0.50 
3927 0.50 
3928 0.50 
3929 0.50 
3930 0.50 
3931 0.50 
3932 0.50 
3933 0.50 
3934 0.50 
3935 0.50 
3936 0.50 
3937 0.50 
3938 0.50 
3939 0.50 
3940 0.50 
3941 0.50 
3942 0.50 
3943 0.50 
3944 0.50 
3945 0.50 
3946 0.50 
3947 0.50 
3948 0.50 
3949 0.50 
3950 0.49 
3951 0.49 
3952 0.49 
3953 0.49 
3954 0.49 
3955 0.49 
3956 0.49 
3957 0.49 
3958 0.49 
3959 0.49 
3960 0.49 
3961 0.49 
3962 0.49 
3963 0.49 
3964 0.49 
3965 0.49 
3966 0.49 
3967 0.49 
3968 0.49 
3969 0.49 
3970 0.49 
3971 0.49 
3972 0.49 
3973 0.49 
3974 0.49 
3975 0.49 
3976 0.49 
3977 0.49 
3978 0.49 
3979 0.49 
3980 0.49 
3981 0.49 
3982 0.49 
3983 0.49 
3984 0.49 
3985 0.49 
3986 0.49 
3987 0.49 
3988 0.49 
3989 0.49 
3990 0.49 
3991 0.49 
3992 0.49 
3993 0.49 
3994 0.49 
3995 0.49 
3996 0.49 
3997 0.49 
3998 0.49 
3999 0.49 
4000 0.49 
4001 0.49 
4002 0.49 
4003 0.49 
4004 0.49 
4005 0.49 
4006 0.49 
4007 0.49 
4008 0.49 
4009 0.49 
4010 0.49 
4011 0.49 
4012 0.49 
4013 0.48 
4014 0.48 
4015 0.48 
4016 0.48 
4017 0.48 
4018 0.48 
4019 0.48 
4020 0.48 
4021 0.48 
4022 0.48 
4023 0.48 
4024 0.48 
4025 0.48 
4026 0.48 
4027 0.48 
4028 0.48 
4029 0.48 
4030 0.48 
4031 0.48 
4032 0.48 
4033 0.48 
4034 0.48 
4035 0.48 
4036 0.48 
4037 0.48 
4038 0.48 
4039 0.48 
4040 0.48 
4041 0.48 
4042 0.48 
4043 0.48 
4044 0.48 
4045 0.48 
4046 0.48 
4047 0.48 
4048 0.48 
4049 0.48 
4050 0.48 
4051 0.48 
4052 0.48 
4053 0.48 
4054 0.48 
4055 0.48 
4056 0.48 
4057 0.48 
4058 0.48 
4059 0.48 
4060 0.48 
4061 0.48 
4062 0.48 
4063 0.48 
4064 0.48 
4065 0.48 
4066 0.48 
4067 0.48 
4068 0.48 
4069 0.48 
4070 0.48 
4071 0.48 
4072 0.48 
4073 0.48 
4074 0.48 
4075 0.48 
4076 0.48 
4077 0.48 
4078 0.48 
4079 0.48 
4080 0.48 
4081 0.48 
4082 0.48 
4083 0.48 
4084 0.48 
4085 0.48 
4086 0.48 
4087 0.48 
4088 0.48 
4089 0.48 
4090 0.47 
4091 0.47 
4092 0.47 
4093 0.47 
4094 0.47 
4095 0.47 
4096 0.47 
4097 0.47 
4098 0.47 
4099 0.47 
4100 0.47 
4101 0.47 
4102 0.47 
4103 0.47 
4104 0.47 
4105 0.47 
4106 0.47 
4107 0.47 
4108 0.47 
4109 0.47 
4110 0.47 
4111 0.47 
4112 0.47 
4113 0.47 
4114 0.47 
4115 0.47 
4116 0.47 
4117 0.47 
4118 0.47 
4119 0.47 
4120 0.47 
4121 0.47 
4122 0.47 
4123 0.47 
4124 0.47 
4125 0.47 
4126 0.47 
4127 0.47 
4128 0.47 
4129 0.47 
4130 0.47 
4131 0.47 
4132 0.47 
4133 0.47 
4134 0.47 
4135 0.47 
4136 0.47 
4137 0.47 
4138 0.47 
4139 0.47 
4140 0.47 
4141 0.47 
4142 0.47 
4143 0.47 
4144 0.47 
4145 0.47 
4146 0.47 
4147 0.47 
4148 0.47 
4149 0.47 
4150 0.47 
4151 0.47 
4152 0.47 
4153 0.47 
4154 0.47 
4155 0.47 
4156 0.47 
4157 0.47 
4158 0.47 
4159 0.47 
4160 0.47 
4161 0.47 
4162 0.47 
4163 0.47 
4164 0.47 
4165 0.47 
4166 0.47 
4167 0.47 
4168 0.47 
4169 0.47 
4170 0.47 
4171 0.47 
4172 0.47 
4173 0.47 
4174 0.47 
4175 0.47 
4176 0.47 
4177 0.47 
4178 0.47 
4179 0.47 
4180 0.47 
4181 0.47 
4182 0.47 
4183 0.47 
4184 0.47 
4185 0.46 
4186 0.46 
4187 0.46 
4188 0.46 
4189 0.46 
4190 0.46 
4191 0.46 
4192 0.46 
4193 0.46 
4194 0.46 
4195 0.46 
4196 0.46 
4197 0.46 
4198 0.46 
4199 0.46 
4200 0.46 
4201 0.46 
4202 0.46 
4203 0.46 
4204 0.46 
4205 0.46 
4206 0.46 
4207 0.46 
4208 0.46 
4209 0.46 
4210 0.46 
4211 0.46 
4212 0.46 
4213 0.46 
4214 0.46 
4215 0.46 
4216 0.46 
4217 0.46 
4218 0.46 
4219 0.46 
4220 0.46 
4221 0.46 
4222 0.46 
4223 0.46 
4224 0.46 
4225 0.46 
4226 0.46 
4227 0.46 
4228 0.46 
4229 0.46 
4230 0.46 
4231 0.46 
4232 0.46 
4233 0.46 
4234 0.46 
4235 0.46 
4236 0.46 
4237 0.46 
4238 0.46 
4239 0.46 
4240 0.46 
4241 0.46 
4242 0.46 
4243 0.46 
4244 0.46 
4245 0.46 
4246 0.46 
4247 0.46 
4248 0.46 
4249 0.46 
4250 0.46 
4251 0.46 
4252 0.46 
4253 0.46 
4254 0.46 
4255 0.46 
4256 0.46 
4257 0.46 
4258 0.46 
4259 0.46 
4260 0.46 
4261 0.46 
4262 0.46 
4263 0.46 
4264 0.46 
4265 0.46 
4266 0.46 
4267 0.46 
4268 0.46 
4269 0.46 
4270 0.46 
4271 0.46 
4272 0.46 
4273 0.46 
4274 0.46 
4275 0.46 
4276 0.46 
4277 0.46 
4278 0.46 
4279 0.46 
4280 0.46 
4281 0.45 
4282 0.45 
4283 0.45 
4284 0.45 
4285 0.45 
4286 0.45 
4287 0.45 
4288 0.45 
4289 0.45 
4290 0.45 
4291 0.45 
4292 0.45 
4293 0.45 
4294 0.45 
4295 0.45 
4296 0.45 
4297 0.45 
4298 0.45 
4299 0.45 
4300 0.45 
4301 0.45 
4302 0.45 
4303 0.45 
4304 0.45 
4305 0.45 
4306 0.45 
4307 0.45 
4308 0.45 
4309 0.45 
4310 0.45 
4311 0.45 
4312 0.45 
4313 0.45 
4314 0.45 
4315 0.45 
4316 0.45 
4317 0.45 
4318 0.45 
4319 0.45 
4320 0.45 
4321 0.45 
4322 0.45 
4323 0.45 
4324 0.45 
4325 0.45 
4326 0.45 
4327 0.45 
4328 0.45 
4329 0.45 
4330 0.45 
4331 0.45 
4332 0.45 
4333 0.45 
4334 0.45 
4335 0.45 
4336 0.45 
4337 0.45 
4338 0.45 
4339 0.45 
4340 0.45 
4341 0.45 
4342 0.45 
4343 0.45 
4344 0.45 
4345 0.45 
4346 0.45 
4347 0.45 
4348 0.45 
4349 0.45 
4350 0.45 
4351 0.45 
4352 0.44 
4353 0.44 
4354 0.44 
4355 0.44 
4356 0.44 
4357 0.44 
4358 0.44 
4359 0.44 
4360 0.44 
4361 0.44 
4362 0.44 
4363 0.44 
4364 0.44 
4365 0.44 
4366 0.44 
4367 0.44 
4368 0.44 
4369 0.44 
4370 0.44 
4371 0.44 
4372 0.44 
4373 0.44 
4374 0.44 
4375 0.44 
4376 0.44 
4377 0.44 
4378 0.44 
4379 0.44 
4380 0.44 
4381 0.44 
4382 0.44 
4383 0.44 
4384 0.44 
4385 0.44 
4386 0.44 
4387 0.44 
4388 0.44 
4389 0.44 
4390 0.44 
4391 0.44 
4392 0.44 
4393 0.44 
4394 0.44 
4395 0.44 
4396 0.44 
4397 0.44 
4398 0.44 
4399 0.44 
4400 0.44 
4401 0.44 
4402 0.44 
4403 0.44 
4404 0.44 
4405 0.44 
4406 0.44 
4407 0.44 
4408 0.44 
4409 0.44 
4410 0.44 
4411 0.44 
4412 0.44 
4413 0.44 
4414 0.44 
4415 0.44 
4416 0.44 
4417 0.44 
4418 0.44 
4419 0.44 
4420 0.44 
4421 0.44 
4422 0.44 
4423 0.44 
4424 0.44 
4425 0.44 
4426 0.44 
4427 0.43 
4428 0.43 
4429 0.43 
4430 0.43 
4431 0.43 
4432 0.43 
4433 0.43 
4434 0.43 
4435 0.43 
4436 0.43 
4437 0.43 
4438 0.43 
4439 0.43 
4440 0.43 
4441 0.43 
4442 0.43 
4443 0.43 
4444 0.43 
4445 0.43 
4446 0.43 
4447 0.43 
4448 0.43 
4449 0.43 
4450 0.43 
4451 0.43 
4452 0.43 
4453 0.43 
4454 0.43 
4455 0.43 
4456 0.43 
4457 0.43 
4458 0.43 
4459 0.43 
4460 0.43 
4461 0.43 
4462 0.43 
4463 0.43 
4464 0.43 
4465 0.43 
4466 0.43 
4467 0.43 
4468 0.43 
4469 0.43 
4470 0.43 
4471 0.43 
4472 0.43 
4473 0.43 
4474 0.43 
4475 0.43 
4476 0.43 
4477 0.43 
4478 0.43 
4479 0.43 
4480 0.43 
4481 0.43 
4482 0.43 
4483 0.43 
4484 0.43 
4485 0.43 
4486 0.43 
4487 0.43 
4488 0.43 
4489 0.43 
4490 0.43 
4491 0.43 
4492 0.43 
4493 0.43 
4494 0.43 
4495 0.43 
4496 0.43 
4497 0.43 
4498 0.43 
4499 0.43 
4500 0.43 
4501 0.42 
4502 0.42 
4503 0.42 
4504 0.42 
4505 0.42 
4506 0.42 
4507 0.42 
4508 0.42 
4509 0.42 
4510 0.42 
4511 0.42 
4512 0.42 
4513 0.42 
4514 0.42 
4515 0.42 
4516 0.42 
4517 0.42 
4518 0.42 
4519 0.42 
4520 0.42 
4521 0.42 
4522 0.42 
4523 0.42 
4524 0.42 
4525 0.42 
4526 0.42 
4527 0.42 
4528 0.42 
4529 0.42 
4530 0.42 
4531 0.42 
4532 0.42 
4533 0.42 
4534 0.42 
4535 0.42 
4536 0.42 
4537 0.42 
4538 0.42 
4539 0.42 
4540 0.42 
4541 0.42 
4542 0.42 
4543 0.42 
4544 0.42 
4545 0.42 
4546 0.42 
4547 0.42 
4548 0.42 
4549 0.42 
4550 0.42 
4551 0.42 
4552 0.42 
4553 0.42 
4554 0.42 
4555 0.42 
4556 0.42 
4557 0.42 
4558 0.42 
4559 0.42 
4560 0.42 
4561 0.42 
4562 0.42 
4563 0.42 
4564 0.42 
4565 0.42 
4566 0.42 
4567 0.42 
4568 0.42 
4569 0.42 
4570 0.42 
4571 0.42 
4572 0.42 
4573 0.42 
4574 0.42 
4575 0.42 
4576 0.42 
4577 0.42 
4578 0.42 
4579 0.42 
4580 0.42 
4581 0.42 
4582 0.42 
4583 0.42 
4584 0.42 
4585 0.42 
4586 0.42 
4587 0.42 
4588 0.42 
4589 0.42 
4590 0.42 
4591 0.42 
4592 0.42 
4593 0.42 
4594 0.42 
4595 0.42 
4596 0.41 
4597 0.41 
4598 0.41 
4599 0.41 
4600 0.41 
4601 0.41 
4602 0.41 
4603 0.41 
4604 0.41 
4605 0.41 
4606 0.41 
4607 0.41 
4608 0.41 
4609 0.41 
4610 0.41 
4611 0.41 
4612 0.41 
4613 0.41 
4614 0.41 
4615 0.41 
4616 0.41 
4617 0.41 
4618 0.41 
4619 0.41 
4620 0.41 
4621 0.41 
4622 0.41 
4623 0.41 
4624 0.41 
4625 0.41 
4626 0.41 
4627 0.41 
4628 0.41 
4629 0.41 
4630 0.41 
4631 0.41 
4632 0.41 
4633 0.41 
4634 0.41 
4635 0.41 
4636 0.41 
4637 0.41 
4638 0.41 
4639 0.41 
4640 0.41 
4641 0.41 
4642 0.41 
4643 0.41 
4644 0.41 
4645 0.41 
4646 0.41 
4647 0.41 
4648 0.41 
4649 0.41 
4650 0.41 
4651 0.41 
4652 0.41 
4653 0.41 
4654 0.41 
4655 0.41 
4656 0.41 
4657 0.41 
4658 0.41 
4659 0.41 
4660 0.41 
4661 0.41 
4662 0.41 
4663 0.41 
4664 0.41 
4665 0.41 
4666 0.41 
4667 0.41 
4668 0.41 
4669 0.41 
4670 0.41 
4671 0.41 
4672 0.41 
4673 0.40 
4674 0.40 
4675 0.40 
4676 0.40 
4677 0.40 
4678 0.40 
4679 0.40 
4680 0.40 
4681 0.40 
4682 0.40 
4683 0.40 
4684 0.40 
4685 0.40 
4686 0.40 
4687 0.40 
4688 0.40 
4689 0.40 
4690 0.40 
4691 0.40 
4692 0.40 
4693 0.40 
4694 0.40 
4695 0.40 
4696 0.40 
4697 0.40 
4698 0.40 
4699 0.40 
4700 0.40 
4701 0.40 
4702 0.40 
4703 0.40 
4704 0.40 
4705 0.40 
4706 0.40 
4707 0.40 
4708 0.40 
4709 0.40 
4710 0.40 
4711 0.40 
4712 0.40 
4713 0.40 
4714 0.40 
4715 0.40 
4716 0.40 
4717 0.40 
4718 0.40 
4719 0.40 
4720 0.40 
4721 0.40 
4722 0.40 
4723 0.40 
4724 0.40 
4725 0.40 
4726 0.40 
4727 0.40 
4728 0.40 
4729 0.40 
4730 0.40 
4731 0.40 
4732 0.40 
4733 0.40 
4734 0.40 
4735 0.40 
4736 0.40 
4737 0.40 
4738 0.40 
4739 0.40 
4740 0.40 
4741 0.40 
4742 0.40 
4743 0.40 
4744 0.40 
4745 0.40 
4746 0.40 
4747 0.40 
4748 0.40 
4749 0.40 
4750 0.40 
4751 0.40 
4752 0.40 
4753 0.40 
4754 0.40 
4755 0.40 
4756 0.40 
4757 0.40 
4758 0.40 
4759 0.40 
4760 0.40 
4761 0.40 
4762 0.40 
4763 0.40 
4764 0.40 
4765 0.40 
4766 0.40 
4767 0.40 
4768 0.40 
4769 0.40 
4770 0.40 
4771 0.40 
4772 0.40 
4773 0.39 
4774 0.39 
4775 0.39 
4776 0.39 
4777 0.39 
4778 0.39 
4779 0.39 
4780 0.39 
4781 0.39 
4782 0.39 
4783 0.39 
4784 0.39 
4785 0.39 
4786 0.39 
4787 0.39 
4788 0.39 
4789 0.39 
4790 0.39 
4791 0.39 
4792 0.39 
4793 0.39 
4794 0.39 
4795 0.39 
4796 0.39 
4797 0.39 
4798 0.39 
4799 0.39 
4800 0.39 
4801 0.39 
4802 0.39 
4803 0.39 
4804 0.39 
4805 0.39 
4806 0.39 
4807 0.39 
4808 0.39 
4809 0.39 
4810 0.39 
4811 0.39 
4812 0.39 
4813 0.39 
4814 0.39 
4815 0.39 
4816 0.39 
4817 0.39 
4818 0.39 
4819 0.39 
4820 0.39 
4821 0.39 
4822 0.39 
4823 0.39 
4824 0.39 
4825 0.39 
4826 0.39 
4827 0.39 
4828 0.39 
4829 0.39 
4830 0.39 
4831 0.39 
4832 0.39 
4833 0.39 
4834 0.39 
4835 0.39 
4836 0.39 
4837 0.39 
4838 0.39 
4839 0.39 
4840 0.39 
4841 0.39 
4842 0.39 
4843 0.39 
4844 0.39 
4845 0.39 
4846 0.39 
4847 0.39 
4848 0.39 
4849 0.39 
4850 0.39 
4851 0.39 
4852 0.39 
4853 0.39 
4854 0.39 
4855 0.39 
4856 0.39 
4857 0.39 
4858 0.39 
4859 0.39 
4860 0.39 
4861 0.39 
4862 0.39 
4863 0.39 
4864 0.39 
4865 0.39 
4866 0.39 
4867 0.39 
4868 0.39 
4869 0.39 
4870 0.39 
4871 0.39 
4872 0.39 
4873 0.39 
4874 0.39 
4875 0.39 
4876 0.39 
4877 0.39 
4878 0.39 
4879 0.39 
4880 0.39 
4881 0.39 
4882 0.39 
4883 0.39 
4884 0.39 
4885 0.39 
4886 0.39 
4887 0.39 
4888 0.39 
4889 0.39 
4890 0.39 
4891 0.39 
4892 0.39 
4893 0.39 
4894 0.39 
4895 0.39 
4896 0.39 
4897 0.39 
4898 0.39 
4899 0.39 
4900 0.39 
4901 0.39 
4902 0.39 
4903 0.39 
4904 0.39 
4905 0.39 
4906 0.39 
4907 0.39 
4908 0.39 
4909 0.38 
4910 0.38 
4911 0.38 
4912 0.38 
4913 0.38 
4914 0.38 
4915 0.38 
4916 0.38 
4917 0.38 
4918 0.38 
4919 0.38 
4920 0.38 
4921 0.38 
4922 0.38 
4923 0.38 
4924 0.38 
4925 0.38 
4926 0.38 
4927 0.38 
4928 0.38 
4929 0.38 
4930 0.38 
4931 0.38 
4932 0.38 
4933 0.38 
4934 0.38 
4935 0.38 
4936 0.38 
4937 0.38 
4938 0.38 
4939 0.38 
4940 0.38 
4941 0.38 
4942 0.38 
4943 0.38 
4944 0.38 
4945 0.38 
4946 0.38 
4947 0.38 
4948 0.38 
4949 0.38 
4950 0.38 
4951 0.38 
4952 0.38 
4953 0.38 
4954 0.38 
4955 0.38 
4956 0.38 
4957 0.38 
4958 0.38 
4959 0.38 
4960 0.38 
4961 0.38 
4962 0.38 
4963 0.38 
4964 0.38 
4965 0.38 
4966 0.38 
4967 0.38 
4968 0.38 
4969 0.38 
4970 0.38 
4971 0.38 
4972 0.38 
4973 0.38 
4974 0.38 
4975 0.38 
4976 0.38 
4977 0.38 
4978 0.38 
4979 0.38 
4980 0.38 
4981 0.38 
4982 0.38 
4983 0.38 
4984 0.38 
4985 0.38 
4986 0.38 
4987 0.38 
4988 0.38 
4989 0.38 
4990 0.38 
4991 0.38 
4992 0.38 
4993 0.38 
4994 0.38 
4995 0.38 
4996 0.38 
4997 0.38 
4998 0.38 
4999 0.38 
5000 0.38 
5001 0.38 
5002 0.38 
5003 0.38 
5004 0.38 
5005 0.38 
5006 0.38 
5007 0.38 
5008 0.38 
5009 0.38 
5010 0.38 
5011 0.38 
5012 0.38 
5013 0.38 
5014 0.38 
5015 0.38 
5016 0.38 
5017 0.38 
5018 0.38 
5019 0.38 
5020 0.38 
5021 0.38 
5022 0.38 
5023 0.38 
5024 0.38 
5025 0.38 
5026 0.38 
5027 0.38 
5028 0.38 
5029 0.38 
5030 0.38 
5031 0.38 
5032 0.38 
5033 0.38 
5034 0.38 
5035 0.38 
5036 0.38 
5037 0.38 
5038 0.38 
5039 0.38 
5040 0.38 
5041 0.38 
5042 0.38 
5043 0.38 
5044 0.38 
5045 0.38 
5046 0.38 
5047 0.38 
5048 0.38 
5049 0.38 
5050 0.38 
5051 0.38 
5052 0.38 
5053 0.38 
5054 0.38 
5055 0.38 
5056 0.38 
5057 0.38 
5058 0.38 
5059 0.37 
5060 0.37 
5061 0.37 
5062 0.37 
5063 0.37 
5064 0.37 
5065 0.37 
5066 0.37 
5067 0.37 
5068 0.37 
5069 0.37 
5070 0.37 
5071 0.37 
5072 0.37 
5073 0.37 
5074 0.37 
5075 0.37 
5076 0.37 
5077 0.37 
5078 0.37 
5079 0.37 
5080 0.37 
5081 0.37 
5082 0.37 
5083 0.37 
5084 0.37 
5085 0.37 
5086 0.37 
5087 0.37 
5088 0.37 
5089 0.37 
5090 0.37 
5091 0.37 
5092 0.37 
5093 0.37 
5094 0.37 
5095 0.37 
5096 0.37 
5097 0.37 
5098 0.37 
5099 0.37 
5100 0.37 
5101 0.37 
5102 0.37 
5103 0.37 
5104 0.37 
5105 0.37 
5106 0.37 
5107 0.37 
5108 0.37 
5109 0.37 
5110 0.37 
5111 0.37 
5112 0.37 
5113 0.37 
5114 0.37 
5115 0.37 
5116 0.37 
5117 0.37 
5118 0.37 
5119 0.37 
5120 0.37 
5121 0.37 
5122 0.37 
5123 0.37 
5124 0.37 
5125 0.37 
5126 0.37 
5127 0.37 
5128 0.37 
5129 0.37 
5130 0.37 
5131 0.37 
5132 0.37 
5133 0.37 
5134 0.37 
5135 0.37 
5136 0.37 
5137 0.37 
5138 0.37 
5139 0.37 
5140 0.37 
5141 0.37 
5142 0.37 
5143 0.37 
5144 0.37 
5145 0.37 
5146 0.37 
5147 0.37 
5148 0.37 
5149 0.37 
5150 0.37 
5151 0.37 
5152 0.37 
5153 0.37 
5154 0.37 
5155 0.37 
5156 0.37 
5157 0.37 
5158 0.37 
5159 0.37 
5160 0.37 
5161 0.37 
5162 0.37 
5163 0.37 
5164 0.37 
5165 0.37 
5166 0.37 
5167 0.37 
5168 0.37 
5169 0.37 
5170 0.37 
5171 0.37 
5172 0.37 
5173 0.37 
5174 0.37 
5175 0.37 
5176 0.37 
5177 0.37 
5178 0.37 
5179 0.37 
5180 0.37 
5181 0.37 
5182 0.37 
5183 0.37 
5184 0.37 
5185 0.37 
5186 0.37 
5187 0.37 
5188 0.37 
5189 0.37 
5190 0.37 
5191 0.37 
5192 0.37 
5193 0.37 
5194 0.37 
5195 0.37 
5196 0.37 
5197 0.37 
5198 0.37 
5199 0.37 
5200 0.37 
5201 0.37 
5202 0.37 
5203 0.37 
5204 0.37 
5205 0.37 
5206 0.37 
5207 0.37 
5208 0.37 
5209 0.37 
5210 0.37 
5211 0.37 
5212 0.37 
5213 0.37 
5214 0.37 
5215 0.37 
5216 0.37 
5217 0.37 
5218 0.37 
5219 0.37 
5220 0.37 
5221 0.37 
5222 0.37 
5223 0.37 
5224 0.36 
5225 0.36 
5226 0.36 
5227 0.36 
5228 0.36 
5229 0.36 
5230 0.36 
5231 0.36 
5232 0.36 
5233 0.36 
5234 0.36 
5235 0.36 
5236 0.36 
5237 0.36 
5238 0.36 
5239 0.36 
5240 0.36 
5241 0.36 
5242 0.36 
5243 0.36 
5244 0.36 
5245 0.36 
5246 0.36 
5247 0.36 
5248 0.36 
5249 0.36 
5250 0.36 
5251 0.36 
5252 0.36 
5253 0.36 
5254 0.36 
5255 0.36 
5256 0.36 
5257 0.36 
5258 0.36 
5259 0.36 
5260 0.36 
5261 0.36 
5262 0.36 
5263 0.36 
5264 0.36 
5265 0.36 
5266 0.36 
5267 0.36 
5268 0.36 
5269 0.36 
5270 0.36 
5271 0.36 
5272 0.36 
5273 0.36 
5274 0.36 
5275 0.36 
5276 0.36 
5277 0.36 
5278 0.36 
5279 0.36 
5280 0.36 
5281 0.36 
5282 0.36 
5283 0.36 
5284 0.36 
5285 0.36 
5286 0.36 
5287 0.36 
5288 0.36 
5289 0.36 
5290 0.36 
5291 0.36 
5292 0.36 
5293 0.36 
5294 0.36 
5295 0.36 
5296 0.36 
5297 0.36 
5298 0.36 
5299 0.36 
5300 0.36 
5301 0.36 
5302 0.36 
5303 0.36 
5304 0.36 
5305 0.36 
5306 0.36 
5307 0.36 
5308 0.36 
5309 0.36 
5310 0.36 
5311 0.36 
5312 0.36 
5313 0.36 
5314 0.36 
5315 0.36 
5316 0.36 
5317 0.36 
5318 0.36 
5319 0.36 
5320 0.36 
5321 0.36 
5322 0.36 
5323 0.36 
5324 0.36 
5325 0.36 
5326 0.36 
5327 0.36 
5328 0.36 
5329 0.36 
5330 0.36 
5331 0.36 
5332 0.36 
5333 0.36 
5334 0.36 
5335 0.36 
5336 0.36 
5337 0.36 
5338 0.36 
5339 0.36 
5340 0.36 
5341 0.36 
5342 0.36 
5343 0.36 
5344 0.36 
5345 0.36 
5346 0.36 
5347 0.36 
5348 0.36 
5349 0.36 
5350 0.36 
5351 0.36 
5352 0.36 
5353 0.35 
5354 0.35 
5355 0.35 
5356 0.35 
5357 0.35 
5358 0.35 
5359 0.35 
5360 0.35 
5361 0.35 
5362 0.35 
5363 0.35 
5364 0.35 
5365 0.35 
5366 0.35 
5367 0.35 
5368 0.35 
5369 0.35 
5370 0.35 
5371 0.35 
5372 0.35 
5373 0.35 
5374 0.35 
5375 0.35 
5376 0.35 
5377 0.35 
5378 0.35 
5379 0.35 
5380 0.35 
5381 0.35 
5382 0.35 
5383 0.35 
5384 0.35 
5385 0.35 
5386 0.35 
5387 0.35 
5388 0.35 
5389 0.35 
5390 0.35 
5391 0.35 
5392 0.35 
5393 0.35 
5394 0.35 
5395 0.35 
5396 0.35 
5397 0.35 
5398 0.35 
5399 0.35 
5400 0.35 
5401 0.35 
5402 0.35 
5403 0.35 
5404 0.35 
5405 0.35 
5406 0.35 
5407 0.35 
5408 0.35 
5409 0.35 
5410 0.35 
5411 0.35 
5412 0.35 
5413 0.35 
5414 0.35 
5415 0.35 
5416 0.35 
5417 0.35 
5418 0.35 
5419 0.35 
5420 0.35 
5421 0.35 
5422 0.35 
5423 0.35 
5424 0.35 
5425 0.35 
5426 0.35 
5427 0.35 
5428 0.35 
5429 0.35 
5430 0.35 
5431 0.35 
5432 0.35 
5433 0.35 
5434 0.35 
5435 0.35 
5436 0.35 
5437 0.35 
5438 0.35 
5439 0.35 
5440 0.35 
5441 0.35 
5442 0.35 
5443 0.35 
5444 0.35 
5445 0.35 
5446 0.35 
5447 0.35 
5448 0.35 
5449 0.35 
5450 0.35 
5451 0.35 
5452 0.35 
5453 0.34 
5454 0.34 
5455 0.34 
5456 0.34 
5457 0.34 
5458 0.34 
5459 0.34 
5460 0.34 
5461 0.34 
5462 0.34 
5463 0.34 
5464 0.34 
5465 0.34 
5466 0.34 
5467 0.34 
5468 0.34 
5469 0.34 
5470 0.34 
5471 0.34 
5472 0.34 
5473 0.34 
5474 0.34 
5475 0.34 
5476 0.34 
5477 0.34 
5478 0.34 
5479 0.34 
5480 0.34 
5481 0.34 
5482 0.34 
5483 0.34 
5484 0.34 
5485 0.34 
5486 0.34 
5487 0.34 
5488 0.34 
5489 0.34 
5490 0.34 
5491 0.34 
5492 0.34 
5493 0.34 
5494 0.34 
5495 0.34 
5496 0.34 
5497 0.34 
5498 0.34 
5499 0.34 
5500 0.34 
5501 0.34 
5502 0.34 
5503 0.34 
5504 0.34 
5505 0.34 
5506 0.34 
5507 0.34 
5508 0.34 
5509 0.34 
5510 0.34 
5511 0.34 
5512 0.34 
5513 0.34 
5514 0.34 
5515 0.34 
5516 0.34 
5517 0.34 
5518 0.34 
5519 0.34 
5520 0.34 
5521 0.34 
5522 0.34 
5523 0.34 
5524 0.34 
5525 0.34 
5526 0.34 
5527 0.34 
5528 0.34 
5529 0.34 
5530 0.34 
5531 0.34 
5532 0.34 
5533 0.34 
5534 0.34 
5535 0.34 
5536 0.34 
5537 0.34 
5538 0.34 
5539 0.34 
5540 0.34 
5541 0.34 
5542 0.34 
5543 0.34 
5544 0.34 
5545 0.34 
5546 0.34 
5547 0.34 
5548 0.34 
5549 0.34 
5550 0.34 
5551 0.34 
5552 0.34 
5553 0.34 
5554 0.34 
5555 0.34 
5556 0.34 
5557 0.34 
5558 0.34 
5559 0.34 
5560 0.34 
5561 0.34 
5562 0.34 
5563 0.34 
5564 0.34 
5565 0.34 
5566 0.34 
5567 0.34 
5568 0.34 
5569 0.34 
5570 0.34 
5571 0.34 
5572 0.34 
5573 0.34 
5574 0.34 
5575 0.34 
5576 0.34 
5577 0.34 
5578 0.34 
5579 0.34 
5580 0.34 
5581 0.33 
5582 0.33 
5583 0.33 
5584 0.33 
5585 0.33 
5586 0.33 
5587 0.33 
5588 0.33 
5589 0.33 
5590 0.33 
5591 0.33 
5592 0.33 
5593 0.33 
5594 0.33 
5595 0.33 
5596 0.33 
5597 0.33 
5598 0.33 
5599 0.33 
5600 0.33 
5601 0.33 
5602 0.33 
5603 0.33 
5604 0.33 
5605 0.33 
5606 0.33 
5607 0.33 
5608 0.33 
5609 0.33 
5610 0.33 
5611 0.33 
5612 0.33 
5613 0.33 
5614 0.33 
5615 0.33 
5616 0.33 
5617 0.33 
5618 0.33 
5619 0.33 
5620 0.33 
5621 0.33 
5622 0.33 
5623 0.33 
5624 0.33 
5625 0.33 
5626 0.33 
5627 0.33 
5628 0.33 
5629 0.33 
5630 0.33 
5631 0.33 
5632 0.33 
5633 0.33 
5634 0.33 
5635 0.33 
5636 0.33 
5637 0.33 
5638 0.33 
5639 0.33 
5640 0.33 
5641 0.33 
5642 0.33 
5643 0.33 
5644 0.33 
5645 0.33 
5646 0.33 
5647 0.33 
5648 0.33 
5649 0.33 
5650 0.33 
5651 0.33 
5652 0.33 
5653 0.33 
5654 0.33 
5655 0.33 
5656 0.33 
5657 0.33 
5658 0.33 
5659 0.33 
5660 0.33 
5661 0.33 
5662 0.33 
5663 0.33 
5664 0.33 
5665 0.33 
5666 0.33 
5667 0.33 
5668 0.33 
5669 0.33 
5670 0.33 
5671 0.33 
5672 0.33 
5673 0.33 
5674 0.33 
5675 0.33 
5676 0.33 
5677 0.33 
5678 0.33 
5679 0.33 
5680 0.33 
5681 0.33 
5682 0.33 
5683 0.33 
5684 0.33 
5685 0.33 
5686 0.33 
5687 0.33 
5688 0.33 
5689 0.33 
5690 0.33 
5691 0.33 
5692 0.33 
5693 0.33 
5694 0.33 
5695 0.33 
5696 0.33 
5697 0.33 
5698 0.33 
5699 0.33 
5700 0.33 
5701 0.33 
5702 0.33 
5703 0.33 
5704 0.33 
5705 0.33 
5706 0.33 
5707 0.33 
5708 0.33 
5709 0.33 
5710 0.33 
5711 0.33 
5712 0.33 
5713 0.33 
5714 0.33 
5715 0.32 
5716 0.32 
5717 0.32 
5718 0.32 
5719 0.32 
5720 0.32 
5721 0.32 
5722 0.32 
5723 0.32 
5724 0.32 
5725 0.32 
5726 0.32 
5727 0.32 
5728 0.32 
5729 0.32 
5730 0.32 
5731 0.32 
5732 0.32 
5733 0.32 
5734 0.32 
5735 0.32 
5736 0.32 
5737 0.32 
5738 0.32 
5739 0.32 
5740 0.32 
5741 0.32 
5742 0.32 
5743 0.32 
5744 0.32 
5745 0.32 
5746 0.32 
5747 0.32 
5748 0.32 
5749 0.32 
5750 0.32 
5751 0.32 
5752 0.32 
5753 0.32 
5754 0.32 
5755 0.32 
5756 0.32 
5757 0.32 
5758 0.32 
5759 0.32 
5760 0.32 
5761 0.32 
5762 0.32 
5763 0.32 
5764 0.32 
5765 0.32 
5766 0.32 
5767 0.32 
5768 0.32 
5769 0.32 
5770 0.32 
5771 0.32 
5772 0.32 
5773 0.32 
5774 0.32 
5775 0.32 
5776 0.32 
5777 0.32 
5778 0.32 
5779 0.32 
5780 0.32 
5781 0.32 
5782 0.32 
5783 0.32 
5784 0.32 
5785 0.32 
5786 0.32 
5787 0.32 
5788 0.32 
5789 0.32 
5790 0.32 
5791 0.32 
5792 0.32 
5793 0.32 
5794 0.32 
5795 0.32 
5796 0.32 
5797 0.32 
5798 0.32 
5799 0.32 
5800 0.32 
5801 0.32 
5802 0.32 
5803 0.32 
5804 0.32 
5805 0.32 
5806 0.32 
5807 0.32 
5808 0.32 
5809 0.32 
5810 0.32 
5811 0.32 
5812 0.32 
5813 0.32 
5814 0.32 
5815 0.32 
5816 0.32 
5817 0.32 
5818 0.32 
5819 0.32 
5820 0.32 
5821 0.32 
5822 0.32 
5823 0.32 
5824 0.32 
5825 0.32 
5826 0.32 
5827 0.32 
5828 0.32 
5829 0.32 
5830 0.32 
5831 0.32 
5832 0.32 
5833 0.32 
5834 0.32 
5835 0.32 
5836 0.32 
5837 0.32 
5838 0.32 
5839 0.32 
5840 0.32 
5841 0.32 
5842 0.32 
5843 0.32 
5844 0.32 
5845 0.32 
5846 0.32 
5847 0.32 
5848 0.32 
5849 0.32 
5850 0.32 
5851 0.32 
5852 0.32 
5853 0.32 
5854 0.32 
5855 0.32 
5856 0.32 
5857 0.32 
5858 0.32 
5859 0.32 
5860 0.32 
5861 0.32 
5862 0.32 
5863 0.32 
5864 0.32 
5865 0.32 
5866 0.32 
