3426 0.60 
3427 0.60 
3428 0.60 
3429 0.60 
3430 0.60 
3431 0.59 
3432 0.59 
3433 0.59 
3434 0.59 
3435 0.59 
3436 0.59 
3437 0.59 
3438 0.59 
3439 0.59 
3440 0.59 
3441 0.59 
3442 0.59 
3443 0.59 
3444 0.59 
3445 0.59 
3446 0.59 
3447 0.59 
3448 0.59 
3449 0.59 
3450 0.59 
3451 0.59 
3452 0.59 
3453 0.59 
3454 0.59 
3455 0.59 
3456 0.59 
3457 0.59 
3458 0.59 
3459 0.59 
3460 0.58 
3461 0.58 
3462 0.58 
3463 0.58 
3464 0.58 
3465 0.58 
3466 0.58 
3467 0.58 
3468 0.58 
3469 0.58 
3470 0.58 
3471 0.58 
3472 0.58 
3473 0.58 
3474 0.58 
3475 0.58 
3476 0.58 
3477 0.58 
3478 0.58 
3479 0.58 
3480 0.58 
3481 0.58 
3482 0.58 
3483 0.58 
3484 0.58 
3485 0.58 
3486 0.58 
3487 0.58 
3488 0.58 
3489 0.57 
3490 0.57 
3491 0.57 
3492 0.57 
3493 0.57 
3494 0.57 
3495 0.57 
3496 0.57 
3497 0.57 
3498 0.57 
3499 0.57 
3500 0.57 
3501 0.57 
3502 0.57 
3503 0.57 
3504 0.57 
3505 0.57 
3506 0.57 
3507 0.57 
3508 0.57 
3509 0.57 
3510 0.57 
3511 0.57 
3512 0.57 
3513 0.57 
3514 0.57 
3515 0.57 
3516 0.57 
3517 0.57 
3518 0.57 
3519 0.57 
3520 0.57 
3521 0.57 
3522 0.56 
3523 0.56 
3524 0.56 
3525 0.56 
3526 0.56 
3527 0.56 
3528 0.56 
3529 0.56 
3530 0.56 
3531 0.56 
3532 0.56 
3533 0.56 
3534 0.56 
3535 0.56 
3536 0.56 
3537 0.56 
3538 0.56 
3539 0.56 
3540 0.56 
3541 0.56 
3542 0.56 
3543 0.56 
3544 0.56 
3545 0.56 
3546 0.56 
3547 0.56 
3548 0.56 
3549 0.56 
3550 0.56 
3551 0.56 
3552 0.56 
3553 0.56 
3554 0.56 
3555 0.55 
3556 0.55 
3557 0.55 
3558 0.55 
3559 0.55 
3560 0.55 
3561 0.55 
3562 0.55 
3563 0.55 
3564 0.55 
3565 0.55 
3566 0.55 
3567 0.55 
3568 0.55 
3569 0.55 
3570 0.55 
3571 0.55 
3572 0.55 
3573 0.55 
3574 0.55 
3575 0.55 
3576 0.55 
3577 0.55 
3578 0.55 
3579 0.55 
3580 0.55 
3581 0.55 
3582 0.55 
3583 0.55 
3584 0.55 
3585 0.55 
3586 0.55 
3587 0.55 
3588 0.55 
3589 0.54 
3590 0.54 
3591 0.54 
3592 0.54 
3593 0.54 
3594 0.54 
3595 0.54 
3596 0.54 
3597 0.54 
3598 0.54 
3599 0.54 
3600 0.54 
3601 0.54 
3602 0.54 
3603 0.54 
3604 0.54 
3605 0.54 
3606 0.54 
3607 0.54 
3608 0.54 
3609 0.54 
3610 0.54 
3611 0.54 
3612 0.54 
3613 0.54 
3614 0.54 
3615 0.54 
3616 0.54 
3617 0.54 
3618 0.54 
3619 0.54 
3620 0.54 
3621 0.54 
3622 0.54 
3623 0.54 
3624 0.53 
3625 0.53 
3626 0.53 
3627 0.53 
3628 0.53 
3629 0.53 
3630 0.53 
3631 0.53 
3632 0.53 
3633 0.53 
3634 0.53 
3635 0.53 
3636 0.53 
3637 0.53 
3638 0.53 
3639 0.53 
3640 0.53 
3641 0.53 
3642 0.53 
3643 0.53 
3644 0.53 
3645 0.53 
3646 0.53 
3647 0.53 
3648 0.53 
3649 0.53 
3650 0.53 
3651 0.53 
3652 0.53 
3653 0.53 
3654 0.53 
3655 0.53 
3656 0.53 
3657 0.53 
3658 0.53 
3659 0.53 
3660 0.53 
3661 0.52 
3662 0.52 
3663 0.52 
3664 0.52 
3665 0.52 
3666 0.52 
3667 0.52 
3668 0.52 
3669 0.52 
3670 0.52 
3671 0.52 
3672 0.52 
3673 0.52 
3674 0.52 
3675 0.52 
3676 0.52 
3677 0.52 
3678 0.52 
3679 0.52 
3680 0.52 
3681 0.52 
3682 0.52 
3683 0.52 
3684 0.52 
3685 0.52 
3686 0.52 
3687 0.52 
3688 0.52 
3689 0.52 
3690 0.52 
3691 0.52 
3692 0.52 
3693 0.52 
3694 0.52 
3695 0.52 
3696 0.52 
3697 0.51 
3698 0.51 
3699 0.51 
3700 0.51 
3701 0.51 
3702 0.51 
3703 0.51 
3704 0.51 
3705 0.51 
3706 0.51 
3707 0.51 
3708 0.51 
3709 0.51 
3710 0.51 
3711 0.51 
3712 0.51 
3713 0.51 
3714 0.51 
3715 0.51 
3716 0.51 
3717 0.51 
3718 0.51 
3719 0.51 
3720 0.51 
3721 0.51 
3722 0.51 
3723 0.51 
3724 0.51 
3725 0.51 
3726 0.51 
3727 0.51 
3728 0.51 
3729 0.51 
3730 0.51 
3731 0.51 
3732 0.51 
3733 0.51 
3734 0.51 
3735 0.51 
3736 0.51 
3737 0.51 
3738 0.51 
3739 0.51 
3740 0.50 
3741 0.50 
3742 0.50 
3743 0.50 
3744 0.50 
3745 0.50 
3746 0.50 
3747 0.50 
3748 0.50 
3749 0.50 
3750 0.50 
3751 0.50 
3752 0.50 
3753 0.50 
3754 0.50 
3755 0.50 
3756 0.50 
3757 0.50 
3758 0.50 
3759 0.50 
3760 0.50 
3761 0.50 
3762 0.50 
3763 0.50 
3764 0.50 
3765 0.50 
3766 0.50 
3767 0.50 
3768 0.50 
3769 0.50 
3770 0.50 
3771 0.50 
3772 0.50 
3773 0.50 
3774 0.50 
3775 0.50 
3776 0.50 
3777 0.50 
3778 0.50 
3779 0.50 
3780 0.50 
3781 0.50 
3782 0.49 
3783 0.49 
3784 0.49 
3785 0.49 
3786 0.49 
3787 0.49 
3788 0.49 
3789 0.49 
3790 0.49 
3791 0.49 
3792 0.49 
3793 0.49 
3794 0.49 
3795 0.49 
3796 0.49 
3797 0.49 
3798 0.49 
3799 0.49 
3800 0.49 
3801 0.49 
3802 0.49 
3803 0.49 
3804 0.49 
3805 0.49 
3806 0.49 
3807 0.49 
3808 0.49 
3809 0.49 
3810 0.49 
3811 0.49 
3812 0.49 
3813 0.49 
3814 0.49 
3815 0.49 
3816 0.49 
3817 0.49 
3818 0.49 
3819 0.49 
3820 0.49 
3821 0.49 
3822 0.49 
3823 0.49 
3824 0.49 
3825 0.49 
3826 0.49 
3827 0.49 
3828 0.48 
3829 0.48 
3830 0.48 
3831 0.48 
3832 0.48 
3833 0.48 
3834 0.48 
3835 0.48 
3836 0.48 
3837 0.48 
3838 0.48 
3839 0.48 
3840 0.48 
3841 0.48 
3842 0.48 
3843 0.48 
3844 0.48 
3845 0.48 
3846 0.48 
3847 0.48 
3848 0.48 
3849 0.48 
3850 0.48 
3851 0.48 
3852 0.48 
3853 0.48 
3854 0.48 
3855 0.48 
3856 0.48 
3857 0.48 
3858 0.48 
3859 0.48 
3860 0.48 
3861 0.48 
3862 0.48 
3863 0.48 
3864 0.48 
3865 0.48 
3866 0.48 
3867 0.48 
3868 0.48 
3869 0.48 
3870 0.48 
3871 0.48 
3872 0.48 
3873 0.47 
3874 0.47 
3875 0.47 
3876 0.47 
3877 0.47 
3878 0.47 
3879 0.47 
3880 0.47 
3881 0.47 
3882 0.47 
3883 0.47 
3884 0.47 
3885 0.47 
3886 0.47 
3887 0.47 
3888 0.47 
3889 0.47 
3890 0.47 
3891 0.47 
3892 0.47 
3893 0.47 
3894 0.47 
3895 0.47 
3896 0.47 
3897 0.47 
3898 0.47 
3899 0.47 
3900 0.47 
3901 0.47 
3902 0.47 
3903 0.47 
3904 0.47 
3905 0.47 
3906 0.47 
3907 0.47 
3908 0.47 
3909 0.47 
3910 0.47 
3911 0.47 
3912 0.47 
3913 0.47 
3914 0.47 
3915 0.47 
3916 0.47 
3917 0.47 
3918 0.46 
3919 0.46 
3920 0.46 
3921 0.46 
3922 0.46 
3923 0.46 
3924 0.46 
3925 0.46 
3926 0.46 
3927 0.46 
3928 0.46 
3929 0.46 
3930 0.46 
3931 0.46 
3932 0.46 
3933 0.46 
3934 0.46 
3935 0.46 
3936 0.46 
3937 0.46 
3938 0.46 
3939 0.46 
3940 0.46 
3941 0.46 
3942 0.46 
3943 0.46 
3944 0.46 
3945 0.46 
3946 0.46 
3947 0.46 
3948 0.46 
3949 0.46 
3950 0.46 
3951 0.46 
3952 0.46 
3953 0.46 
3954 0.46 
3955 0.46 
3956 0.46 
3957 0.46 
3958 0.46 
3959 0.46 
3960 0.46 
3961 0.46 
3962 0.46 
3963 0.46 
3964 0.46 
3965 0.46 
3966 0.46 
3967 0.45 
3968 0.45 
3969 0.45 
3970 0.45 
3971 0.45 
3972 0.45 
3973 0.45 
3974 0.45 
3975 0.45 
3976 0.45 
3977 0.45 
3978 0.45 
3979 0.45 
3980 0.45 
3981 0.45 
3982 0.45 
3983 0.45 
3984 0.45 
3985 0.45 
3986 0.45 
3987 0.45 
3988 0.45 
3989 0.45 
3990 0.45 
3991 0.45 
3992 0.45 
3993 0.45 
3994 0.45 
3995 0.45 
3996 0.45 
3997 0.45 
3998 0.45 
3999 0.45 
4000 0.45 
4001 0.45 
4002 0.45 
4003 0.45 
4004 0.45 
4005 0.45 
4006 0.45 
4007 0.45 
4008 0.45 
4009 0.45 
4010 0.45 
4011 0.45 
4012 0.45 
4013 0.45 
4014 0.45 
4015 0.45 
4016 0.45 
4017 0.45 
4018 0.45 
4019 0.45 
4020 0.45 
4021 0.45 
4022 0.45 
4023 0.45 
4024 0.44 
4025 0.44 
4026 0.44 
4027 0.44 
4028 0.44 
4029 0.44 
4030 0.44 
4031 0.44 
4032 0.44 
4033 0.44 
4034 0.44 
4035 0.44 
4036 0.44 
4037 0.44 
4038 0.44 
4039 0.44 
4040 0.44 
4041 0.44 
4042 0.44 
4043 0.44 
4044 0.44 
4045 0.44 
4046 0.44 
4047 0.44 
4048 0.44 
4049 0.44 
4050 0.44 
4051 0.44 
4052 0.44 
4053 0.44 
4054 0.44 
4055 0.44 
4056 0.44 
4057 0.44 
4058 0.44 
4059 0.44 
4060 0.44 
4061 0.44 
4062 0.44 
4063 0.44 
4064 0.44 
4065 0.44 
4066 0.44 
4067 0.44 
4068 0.44 
4069 0.44 
4070 0.44 
4071 0.44 
4072 0.44 
4073 0.44 
4074 0.44 
4075 0.44 
4076 0.44 
4077 0.44 
4078 0.43 
4079 0.43 
4080 0.43 
4081 0.43 
4082 0.43 
4083 0.43 
4084 0.43 
4085 0.43 
4086 0.43 
4087 0.43 
4088 0.43 
4089 0.43 
4090 0.43 
4091 0.43 
4092 0.43 
4093 0.43 
4094 0.43 
4095 0.43 
4096 0.43 
4097 0.43 
4098 0.43 
4099 0.43 
4100 0.43 
4101 0.43 
4102 0.43 
4103 0.43 
4104 0.43 
4105 0.43 
4106 0.43 
4107 0.43 
4108 0.43 
4109 0.43 
4110 0.43 
4111 0.43 
4112 0.43 
4113 0.43 
4114 0.43 
4115 0.43 
4116 0.43 
4117 0.43 
4118 0.43 
4119 0.43 
4120 0.43 
4121 0.43 
4122 0.43 
4123 0.43 
4124 0.43 
4125 0.43 
4126 0.43 
4127 0.43 
4128 0.43 
4129 0.43 
4130 0.43 
4131 0.43 
4132 0.43 
4133 0.43 
4134 0.43 
4135 0.43 
4136 0.42 
4137 0.42 
4138 0.42 
4139 0.42 
4140 0.42 
4141 0.42 
4142 0.42 
4143 0.42 
4144 0.42 
4145 0.42 
4146 0.42 
4147 0.42 
4148 0.42 
4149 0.42 
4150 0.42 
4151 0.42 
4152 0.42 
4153 0.42 
4154 0.42 
4155 0.42 
4156 0.42 
4157 0.42 
4158 0.42 
4159 0.42 
4160 0.42 
4161 0.42 
4162 0.42 
4163 0.42 
4164 0.42 
4165 0.42 
4166 0.42 
4167 0.42 
4168 0.42 
4169 0.42 
4170 0.42 
4171 0.42 
4172 0.42 
4173 0.42 
4174 0.42 
4175 0.42 
4176 0.42 
4177 0.42 
4178 0.42 
4179 0.42 
4180 0.42 
4181 0.42 
4182 0.42 
4183 0.42 
4184 0.42 
4185 0.42 
4186 0.42 
4187 0.42 
4188 0.42 
4189 0.42 
4190 0.42 
4191 0.42 
4192 0.42 
4193 0.42 
4194 0.42 
4195 0.42 
4196 0.42 
4197 0.42 
4198 0.42 
4199 0.42 
4200 0.41 
4201 0.41 
4202 0.41 
4203 0.41 
4204 0.41 
4205 0.41 
4206 0.41 
4207 0.41 
4208 0.41 
4209 0.41 
4210 0.41 
4211 0.41 
4212 0.41 
4213 0.41 
4214 0.41 
4215 0.41 
4216 0.41 
4217 0.41 
4218 0.41 
4219 0.41 
4220 0.41 
4221 0.41 
4222 0.41 
4223 0.41 
4224 0.41 
4225 0.41 
4226 0.41 
4227 0.41 
4228 0.41 
4229 0.41 
4230 0.41 
4231 0.41 
4232 0.41 
4233 0.41 
4234 0.41 
4235 0.41 
4236 0.41 
4237 0.41 
4238 0.41 
4239 0.41 
4240 0.41 
4241 0.41 
4242 0.41 
4243 0.41 
4244 0.41 
4245 0.41 
4246 0.41 
4247 0.41 
4248 0.41 
4249 0.41 
4250 0.41 
4251 0.41 
4252 0.41 
4253 0.41 
4254 0.41 
4255 0.41 
4256 0.41 
4257 0.41 
4258 0.41 
4259 0.41 
4260 0.41 
4261 0.41 
4262 0.41 
4263 0.40 
4264 0.40 
4265 0.40 
4266 0.40 
4267 0.40 
4268 0.40 
4269 0.40 
4270 0.40 
4271 0.40 
4272 0.40 
4273 0.40 
4274 0.40 
4275 0.40 
4276 0.40 
4277 0.40 
4278 0.40 
4279 0.40 
4280 0.40 
4281 0.40 
4282 0.40 
4283 0.40 
4284 0.40 
4285 0.40 
4286 0.40 
4287 0.40 
4288 0.40 
4289 0.40 
4290 0.40 
4291 0.40 
4292 0.40 
4293 0.40 
4294 0.40 
4295 0.40 
4296 0.40 
4297 0.40 
4298 0.40 
4299 0.40 
4300 0.40 
4301 0.40 
4302 0.40 
4303 0.40 
4304 0.40 
4305 0.40 
4306 0.40 
4307 0.40 
4308 0.40 
4309 0.40 
4310 0.40 
4311 0.40 
4312 0.40 
4313 0.40 
4314 0.40 
4315 0.40 
4316 0.40 
4317 0.40 
4318 0.40 
4319 0.40 
4320 0.40 
4321 0.40 
4322 0.40 
4323 0.40 
4324 0.40 
4325 0.40 
4326 0.40 
4327 0.40 
4328 0.40 
4329 0.40 
4330 0.40 
4331 0.40 
4332 0.40 
4333 0.40 
4334 0.40 
4335 0.39 
4336 0.39 
4337 0.39 
4338 0.39 
4339 0.39 
4340 0.39 
4341 0.39 
4342 0.39 
4343 0.39 
4344 0.39 
4345 0.39 
4346 0.39 
4347 0.39 
4348 0.39 
4349 0.39 
4350 0.39 
4351 0.39 
4352 0.39 
4353 0.39 
4354 0.39 
4355 0.39 
4356 0.39 
4357 0.39 
4358 0.39 
4359 0.39 
4360 0.39 
4361 0.39 
4362 0.39 
4363 0.39 
4364 0.39 
4365 0.39 
4366 0.39 
4367 0.39 
4368 0.39 
4369 0.39 
4370 0.39 
4371 0.39 
4372 0.39 
4373 0.39 
4374 0.39 
4375 0.39 
4376 0.39 
4377 0.39 
4378 0.39 
4379 0.39 
4380 0.39 
4381 0.39 
4382 0.39 
4383 0.39 
4384 0.39 
4385 0.39 
4386 0.39 
4387 0.39 
4388 0.39 
4389 0.39 
4390 0.39 
4391 0.39 
4392 0.39 
4393 0.39 
4394 0.39 
4395 0.39 
4396 0.39 
4397 0.39 
4398 0.39 
4399 0.39 
4400 0.39 
4401 0.39 
4402 0.39 
4403 0.39 
4404 0.39 
4405 0.39 
4406 0.39 
4407 0.39 
4408 0.39 
4409 0.38 
4410 0.38 
4411 0.38 
4412 0.38 
4413 0.38 
4414 0.38 
4415 0.38 
4416 0.38 
4417 0.38 
4418 0.38 
4419 0.38 
4420 0.38 
4421 0.38 
4422 0.38 
4423 0.38 
4424 0.38 
4425 0.38 
4426 0.38 
4427 0.38 
4428 0.38 
4429 0.38 
4430 0.38 
4431 0.38 
4432 0.38 
4433 0.38 
4434 0.38 
4435 0.38 
4436 0.38 
4437 0.38 
4438 0.38 
4439 0.38 
4440 0.38 
4441 0.38 
4442 0.38 
4443 0.38 
4444 0.38 
4445 0.38 
4446 0.38 
4447 0.38 
4448 0.38 
4449 0.38 
4450 0.38 
4451 0.38 
4452 0.38 
4453 0.38 
4454 0.38 
4455 0.38 
4456 0.38 
4457 0.38 
4458 0.38 
4459 0.38 
4460 0.38 
4461 0.38 
4462 0.38 
4463 0.38 
4464 0.38 
4465 0.38 
4466 0.38 
4467 0.38 
4468 0.38 
4469 0.38 
4470 0.38 
4471 0.38 
4472 0.38 
4473 0.38 
4474 0.38 
4475 0.38 
4476 0.38 
4477 0.38 
4478 0.38 
4479 0.38 
4480 0.38 
4481 0.38 
4482 0.38 
4483 0.38 
4484 0.38 
4485 0.38 
4486 0.38 
4487 0.38 
4488 0.38 
4489 0.38 
4490 0.38 
4491 0.37 
4492 0.37 
4493 0.37 
4494 0.37 
4495 0.37 
4496 0.37 
4497 0.37 
4498 0.37 
4499 0.37 
4500 0.37 
4501 0.37 
4502 0.37 
4503 0.37 
4504 0.37 
4505 0.37 
4506 0.37 
4507 0.37 
4508 0.37 
4509 0.37 
4510 0.37 
4511 0.37 
4512 0.37 
4513 0.37 
4514 0.37 
4515 0.37 
4516 0.37 
4517 0.37 
4518 0.37 
4519 0.37 
4520 0.37 
4521 0.37 
4522 0.37 
4523 0.37 
4524 0.37 
4525 0.37 
4526 0.37 
4527 0.37 
4528 0.37 
4529 0.37 
4530 0.37 
4531 0.37 
4532 0.37 
4533 0.37 
4534 0.37 
4535 0.37 
4536 0.37 
4537 0.37 
4538 0.37 
4539 0.37 
4540 0.37 
4541 0.37 
4542 0.37 
4543 0.37 
4544 0.37 
4545 0.37 
4546 0.37 
4547 0.37 
4548 0.37 
4549 0.37 
4550 0.37 
4551 0.37 
4552 0.37 
4553 0.37 
4554 0.37 
4555 0.37 
4556 0.37 
4557 0.37 
4558 0.37 
4559 0.37 
4560 0.37 
4561 0.37 
4562 0.37 
4563 0.37 
4564 0.37 
4565 0.37 
4566 0.37 
4567 0.37 
4568 0.37 
4569 0.37 
4570 0.37 
4571 0.37 
4572 0.37 
4573 0.37 
4574 0.37 
4575 0.37 
4576 0.37 
4577 0.37 
4578 0.36 
4579 0.36 
4580 0.36 
4581 0.36 
4582 0.36 
4583 0.36 
4584 0.36 
4585 0.36 
4586 0.36 
4587 0.36 
4588 0.36 
4589 0.36 
4590 0.36 
4591 0.36 
4592 0.36 
4593 0.36 
4594 0.36 
4595 0.36 
4596 0.36 
4597 0.36 
4598 0.36 
4599 0.36 
4600 0.36 
4601 0.36 
4602 0.36 
4603 0.36 
4604 0.36 
4605 0.36 
4606 0.36 
4607 0.36 
4608 0.36 
4609 0.36 
4610 0.36 
4611 0.36 
4612 0.36 
4613 0.36 
4614 0.36 
4615 0.36 
4616 0.36 
4617 0.36 
4618 0.36 
4619 0.36 
4620 0.36 
4621 0.36 
4622 0.36 
4623 0.36 
4624 0.36 
4625 0.36 
4626 0.36 
4627 0.36 
4628 0.36 
4629 0.36 
4630 0.36 
4631 0.36 
4632 0.36 
4633 0.36 
4634 0.36 
4635 0.36 
4636 0.36 
4637 0.36 
4638 0.36 
4639 0.36 
4640 0.36 
4641 0.36 
4642 0.36 
4643 0.36 
4644 0.36 
4645 0.36 
4646 0.36 
4647 0.36 
4648 0.36 
4649 0.36 
4650 0.36 
4651 0.36 
4652 0.36 
4653 0.36 
4654 0.36 
4655 0.36 
4656 0.36 
4657 0.36 
4658 0.36 
4659 0.36 
4660 0.36 
4661 0.36 
4662 0.36 
4663 0.36 
4664 0.36 
4665 0.36 
4666 0.36 
4667 0.36 
4668 0.36 
4669 0.36 
4670 0.36 
4671 0.35 
4672 0.35 
4673 0.35 
4674 0.35 
4675 0.35 
4676 0.35 
4677 0.35 
4678 0.35 
4679 0.35 
4680 0.35 
4681 0.35 
4682 0.35 
4683 0.35 
4684 0.35 
4685 0.35 
4686 0.35 
4687 0.35 
4688 0.35 
4689 0.35 
4690 0.35 
4691 0.35 
4692 0.35 
4693 0.35 
4694 0.35 
4695 0.35 
4696 0.35 
4697 0.35 
4698 0.35 
4699 0.35 
4700 0.35 
4701 0.35 
4702 0.35 
4703 0.35 
4704 0.35 
4705 0.35 
4706 0.35 
4707 0.35 
4708 0.35 
4709 0.35 
4710 0.35 
4711 0.35 
4712 0.35 
4713 0.35 
4714 0.35 
4715 0.35 
4716 0.35 
4717 0.35 
4718 0.35 
4719 0.35 
4720 0.35 
4721 0.35 
4722 0.35 
4723 0.35 
4724 0.35 
4725 0.35 
4726 0.35 
4727 0.35 
4728 0.35 
4729 0.35 
4730 0.35 
4731 0.35 
4732 0.35 
4733 0.35 
4734 0.35 
4735 0.35 
4736 0.35 
4737 0.35 
4738 0.35 
4739 0.35 
4740 0.35 
4741 0.35 
4742 0.35 
4743 0.35 
4744 0.35 
4745 0.35 
4746 0.35 
4747 0.35 
4748 0.35 
4749 0.35 
4750 0.35 
4751 0.35 
4752 0.35 
4753 0.35 
4754 0.35 
4755 0.35 
4756 0.35 
4757 0.35 
4758 0.35 
4759 0.35 
4760 0.35 
4761 0.35 
4762 0.35 
4763 0.35 
4764 0.35 
4765 0.35 
4766 0.35 
4767 0.35 
4768 0.35 
4769 0.35 
4770 0.34 
4771 0.34 
4772 0.34 
4773 0.34 
4774 0.34 
4775 0.34 
4776 0.34 
4777 0.34 
4778 0.34 
4779 0.34 
4780 0.34 
4781 0.34 
4782 0.34 
4783 0.34 
4784 0.34 
4785 0.34 
4786 0.34 
4787 0.34 
4788 0.34 
4789 0.34 
4790 0.34 
4791 0.34 
4792 0.34 
4793 0.34 
4794 0.34 
4795 0.34 
4796 0.34 
4797 0.34 
4798 0.34 
4799 0.34 
4800 0.34 
4801 0.34 
4802 0.34 
4803 0.34 
4804 0.34 
4805 0.34 
4806 0.34 
4807 0.34 
4808 0.34 
4809 0.34 
4810 0.34 
4811 0.34 
4812 0.34 
4813 0.34 
4814 0.34 
4815 0.34 
4816 0.34 
4817 0.34 
4818 0.34 
4819 0.34 
4820 0.34 
4821 0.34 
4822 0.34 
4823 0.34 
4824 0.34 
4825 0.34 
4826 0.34 
4827 0.34 
4828 0.34 
4829 0.34 
4830 0.34 
4831 0.34 
4832 0.34 
4833 0.34 
4834 0.34 
4835 0.34 
4836 0.34 
4837 0.34 
4838 0.34 
4839 0.34 
4840 0.34 
4841 0.34 
4842 0.34 
4843 0.34 
4844 0.34 
4845 0.34 
4846 0.34 
4847 0.34 
4848 0.34 
4849 0.34 
4850 0.34 
4851 0.34 
4852 0.34 
4853 0.34 
4854 0.34 
4855 0.34 
4856 0.34 
4857 0.34 
4858 0.34 
4859 0.34 
4860 0.34 
4861 0.34 
4862 0.34 
4863 0.34 
4864 0.34 
4865 0.34 
4866 0.33 
4867 0.33 
4868 0.33 
4869 0.33 
4870 0.33 
4871 0.33 
4872 0.33 
4873 0.33 
4874 0.33 
4875 0.33 
4876 0.33 
4877 0.33 
4878 0.33 
4879 0.33 
4880 0.33 
4881 0.33 
4882 0.33 
4883 0.33 
4884 0.33 
4885 0.33 
4886 0.33 
4887 0.33 
4888 0.33 
4889 0.33 
4890 0.33 
4891 0.33 
4892 0.33 
4893 0.33 
4894 0.33 
4895 0.33 
4896 0.33 
4897 0.33 
4898 0.33 
4899 0.33 
4900 0.33 
4901 0.33 
4902 0.33 
4903 0.33 
4904 0.33 
4905 0.33 
4906 0.33 
4907 0.33 
4908 0.33 
4909 0.33 
4910 0.33 
4911 0.33 
4912 0.33 
4913 0.33 
4914 0.33 
4915 0.33 
4916 0.33 
4917 0.33 
4918 0.33 
4919 0.33 
4920 0.33 
4921 0.33 
4922 0.33 
4923 0.33 
4924 0.33 
4925 0.33 
4926 0.33 
4927 0.33 
4928 0.33 
4929 0.33 
4930 0.33 
4931 0.33 
4932 0.33 
4933 0.33 
4934 0.33 
4935 0.33 
4936 0.33 
4937 0.33 
4938 0.33 
4939 0.33 
4940 0.33 
4941 0.33 
4942 0.33 
4943 0.33 
4944 0.33 
4945 0.33 
4946 0.33 
4947 0.33 
4948 0.33 
4949 0.33 
4950 0.33 
4951 0.33 
4952 0.33 
4953 0.33 
4954 0.33 
4955 0.33 
4956 0.33 
4957 0.33 
4958 0.33 
4959 0.33 
4960 0.33 
4961 0.33 
4962 0.33 
4963 0.33 
4964 0.33 
4965 0.33 
4966 0.33 
4967 0.33 
4968 0.33 
4969 0.33 
4970 0.32 
4971 0.32 
4972 0.32 
4973 0.32 
4974 0.32 
4975 0.32 
4976 0.32 
4977 0.32 
4978 0.32 
4979 0.32 
4980 0.32 
4981 0.32 
4982 0.32 
4983 0.32 
4984 0.32 
4985 0.32 
4986 0.32 
4987 0.32 
4988 0.32 
4989 0.32 
4990 0.32 
4991 0.32 
4992 0.32 
4993 0.32 
4994 0.32 
4995 0.32 
4996 0.32 
4997 0.32 
4998 0.32 
4999 0.32 
5000 0.32 
5001 0.32 
5002 0.32 
5003 0.32 
5004 0.32 
5005 0.32 
5006 0.32 
5007 0.32 
5008 0.32 
5009 0.32 
5010 0.32 
5011 0.32 
5012 0.32 
5013 0.32 
5014 0.32 
5015 0.32 
5016 0.32 
5017 0.32 
5018 0.32 
5019 0.32 
5020 0.32 
5021 0.32 
5022 0.32 
5023 0.32 
5024 0.32 
5025 0.32 
5026 0.32 
5027 0.32 
5028 0.32 
5029 0.32 
5030 0.32 
5031 0.32 
5032 0.32 
5033 0.32 
5034 0.32 
5035 0.32 
5036 0.32 
5037 0.32 
5038 0.32 
5039 0.32 
5040 0.32 
5041 0.32 
5042 0.32 
5043 0.32 
5044 0.32 
5045 0.32 
5046 0.32 
5047 0.32 
5048 0.32 
5049 0.32 
5050 0.32 
5051 0.32 
5052 0.32 
5053 0.32 
5054 0.32 
5055 0.32 
5056 0.32 
5057 0.32 
5058 0.32 
5059 0.32 
5060 0.32 
5061 0.32 
5062 0.32 
5063 0.32 
5064 0.32 
5065 0.32 
5066 0.32 
5067 0.32 
5068 0.32 
5069 0.32 
5070 0.32 
5071 0.32 
5072 0.32 
5073 0.32 
5074 0.32 
5075 0.32 
5076 0.32 
5077 0.32 
5078 0.32 
5079 0.32 
5080 0.32 
5081 0.32 
5082 0.31 
5083 0.31 
5084 0.31 
5085 0.31 
5086 0.31 
5087 0.31 
5088 0.31 
5089 0.31 
5090 0.31 
5091 0.31 
5092 0.31 
5093 0.31 
5094 0.31 
5095 0.31 
5096 0.31 
5097 0.31 
5098 0.31 
5099 0.31 
5100 0.31 
5101 0.31 
5102 0.31 
5103 0.31 
5104 0.31 
5105 0.31 
5106 0.31 
5107 0.31 
5108 0.31 
5109 0.31 
5110 0.31 
5111 0.31 
5112 0.31 
5113 0.31 
5114 0.31 
5115 0.31 
5116 0.31 
5117 0.31 
5118 0.31 
5119 0.31 
5120 0.31 
5121 0.31 
5122 0.31 
5123 0.31 
5124 0.31 
5125 0.31 
5126 0.31 
5127 0.31 
5128 0.31 
5129 0.31 
5130 0.31 
5131 0.31 
5132 0.31 
5133 0.31 
5134 0.31 
5135 0.31 
5136 0.31 
5137 0.31 
5138 0.31 
5139 0.31 
5140 0.31 
5141 0.31 
5142 0.31 
5143 0.31 
5144 0.31 
5145 0.31 
5146 0.31 
5147 0.31 
5148 0.31 
5149 0.31 
5150 0.31 
5151 0.31 
5152 0.31 
5153 0.31 
5154 0.31 
5155 0.31 
5156 0.31 
5157 0.31 
5158 0.31 
5159 0.31 
5160 0.31 
5161 0.31 
5162 0.31 
5163 0.31 
5164 0.31 
5165 0.31 
5166 0.31 
5167 0.31 
5168 0.31 
5169 0.31 
5170 0.31 
5171 0.31 
5172 0.31 
5173 0.31 
5174 0.31 
5175 0.31 
5176 0.31 
5177 0.31 
5178 0.31 
5179 0.31 
5180 0.31 
5181 0.31 
5182 0.31 
5183 0.31 
5184 0.31 
5185 0.31 
5186 0.31 
5187 0.31 
5188 0.31 
5189 0.31 
5190 0.31 
5191 0.31 
5192 0.31 
5193 0.31 
5194 0.31 
5195 0.31 
5196 0.31 
5197 0.31 
5198 0.30 
5199 0.30 
5200 0.30 
5201 0.30 
5202 0.30 
5203 0.30 
5204 0.30 
5205 0.30 
5206 0.30 
5207 0.30 
5208 0.30 
5209 0.30 
5210 0.30 
5211 0.30 
5212 0.30 
5213 0.30 
5214 0.30 
5215 0.30 
5216 0.30 
5217 0.30 
5218 0.30 
5219 0.30 
5220 0.30 
5221 0.30 
5222 0.30 
5223 0.30 
5224 0.30 
5225 0.30 
5226 0.30 
5227 0.30 
5228 0.30 
5229 0.30 
5230 0.30 
5231 0.30 
5232 0.30 
5233 0.30 
5234 0.30 
5235 0.30 
5236 0.30 
5237 0.30 
5238 0.30 
5239 0.30 
5240 0.30 
5241 0.30 
5242 0.30 
5243 0.30 
5244 0.30 
5245 0.30 
5246 0.30 
5247 0.30 
5248 0.30 
5249 0.30 
5250 0.30 
5251 0.30 
5252 0.30 
5253 0.30 
5254 0.30 
5255 0.30 
5256 0.30 
5257 0.30 
5258 0.30 
5259 0.30 
5260 0.30 
5261 0.30 
5262 0.30 
5263 0.30 
5264 0.30 
5265 0.30 
5266 0.30 
5267 0.30 
5268 0.30 
5269 0.30 
5270 0.30 
5271 0.30 
5272 0.30 
5273 0.30 
5274 0.30 
5275 0.30 
5276 0.30 
5277 0.30 
5278 0.30 
5279 0.30 
5280 0.30 
5281 0.30 
5282 0.30 
5283 0.30 
5284 0.30 
5285 0.30 
5286 0.30 
5287 0.30 
5288 0.30 
5289 0.30 
5290 0.30 
5291 0.30 
5292 0.30 
5293 0.30 
5294 0.30 
5295 0.30 
5296 0.30 
5297 0.30 
5298 0.30 
5299 0.30 
5300 0.30 
5301 0.30 
5302 0.30 
5303 0.30 
5304 0.30 
5305 0.30 
5306 0.30 
5307 0.30 
5308 0.30 
5309 0.30 
5310 0.30 
5311 0.30 
5312 0.30 
5313 0.30 
5314 0.30 
5315 0.30 
5316 0.30 
5317 0.30 
5318 0.30 
5319 0.30 
5320 0.30 
5321 0.30 
5322 0.30 
5323 0.30 
5324 0.30 
5325 0.30 
5326 0.30 
5327 0.30 
5328 0.30 
5329 0.30 
5330 0.30 
5331 0.30 
5332 0.30 
5333 0.30 
5334 0.30 
5335 0.30 
5336 0.29 
5337 0.29 
5338 0.29 
5339 0.29 
5340 0.29 
5341 0.29 
5342 0.29 
5343 0.29 
5344 0.29 
5345 0.29 
5346 0.29 
5347 0.29 
5348 0.29 
5349 0.29 
5350 0.29 
5351 0.29 
5352 0.29 
5353 0.29 
5354 0.29 
5355 0.29 
5356 0.29 
5357 0.29 
5358 0.29 
5359 0.29 
5360 0.29 
5361 0.29 
5362 0.29 
5363 0.29 
5364 0.29 
5365 0.29 
5366 0.29 
5367 0.29 
5368 0.29 
5369 0.29 
5370 0.29 
5371 0.29 
5372 0.29 
5373 0.29 
5374 0.29 
5375 0.29 
5376 0.29 
5377 0.29 
5378 0.29 
5379 0.29 
5380 0.29 
5381 0.29 
5382 0.29 
5383 0.29 
5384 0.29 
5385 0.29 
5386 0.29 
5387 0.29 
5388 0.29 
5389 0.29 
5390 0.29 
5391 0.29 
5392 0.29 
5393 0.29 
5394 0.29 
5395 0.29 
5396 0.29 
5397 0.29 
5398 0.29 
5399 0.29 
5400 0.29 
5401 0.29 
5402 0.29 
5403 0.29 
5404 0.29 
5405 0.29 
5406 0.29 
5407 0.29 
5408 0.29 
5409 0.29 
5410 0.29 
5411 0.29 
5412 0.29 
5413 0.29 
5414 0.29 
5415 0.29 
5416 0.29 
5417 0.29 
5418 0.29 
5419 0.29 
5420 0.29 
5421 0.29 
5422 0.29 
5423 0.29 
5424 0.29 
5425 0.29 
5426 0.29 
5427 0.29 
5428 0.29 
5429 0.29 
5430 0.29 
5431 0.29 
5432 0.29 
5433 0.29 
5434 0.29 
5435 0.29 
5436 0.29 
5437 0.29 
5438 0.29 
5439 0.29 
5440 0.29 
5441 0.29 
5442 0.29 
5443 0.29 
5444 0.29 
5445 0.29 
5446 0.29 
5447 0.29 
5448 0.29 
5449 0.29 
5450 0.29 
5451 0.29 
5452 0.29 
5453 0.29 
5454 0.29 
5455 0.29 
5456 0.29 
5457 0.29 
5458 0.29 
5459 0.29 
5460 0.29 
5461 0.29 
5462 0.29 
5463 0.29 
5464 0.29 
5465 0.29 
5466 0.29 
5467 0.29 
5468 0.29 
5469 0.29 
5470 0.29 
5471 0.29 
5472 0.29 
5473 0.29 
5474 0.29 
5475 0.29 
5476 0.29 
5477 0.29 
5478 0.29 
5479 0.29 
5480 0.29 
5481 0.29 
5482 0.29 
5483 0.28 
5484 0.28 
5485 0.28 
5486 0.28 
5487 0.28 
5488 0.28 
5489 0.28 
5490 0.28 
5491 0.28 
5492 0.28 
5493 0.28 
5494 0.28 
5495 0.28 
5496 0.28 
5497 0.28 
5498 0.28 
5499 0.28 
5500 0.28 
5501 0.28 
5502 0.28 
5503 0.28 
5504 0.28 
5505 0.28 
5506 0.28 
5507 0.28 
5508 0.28 
5509 0.28 
5510 0.28 
5511 0.28 
5512 0.28 
5513 0.28 
5514 0.28 
5515 0.28 
5516 0.28 
5517 0.28 
5518 0.28 
5519 0.28 
5520 0.28 
5521 0.28 
5522 0.28 
5523 0.28 
5524 0.28 
5525 0.28 
5526 0.28 
5527 0.28 
5528 0.28 
5529 0.28 
5530 0.28 
5531 0.28 
5532 0.28 
5533 0.28 
5534 0.28 
5535 0.28 
5536 0.28 
5537 0.28 
5538 0.28 
5539 0.28 
5540 0.28 
5541 0.28 
5542 0.28 
5543 0.28 
5544 0.28 
5545 0.28 
5546 0.28 
5547 0.28 
5548 0.28 
5549 0.28 
5550 0.28 
5551 0.28 
5552 0.28 
5553 0.28 
5554 0.28 
5555 0.28 
5556 0.28 
5557 0.28 
5558 0.28 
5559 0.28 
5560 0.28 
5561 0.28 
5562 0.28 
5563 0.28 
5564 0.28 
5565 0.28 
5566 0.28 
5567 0.28 
5568 0.28 
5569 0.28 
5570 0.28 
5571 0.28 
5572 0.28 
5573 0.28 
5574 0.28 
5575 0.28 
5576 0.28 
5577 0.28 
5578 0.28 
5579 0.28 
5580 0.28 
5581 0.28 
5582 0.28 
5583 0.28 
5584 0.28 
5585 0.28 
5586 0.28 
5587 0.28 
5588 0.28 
5589 0.28 
5590 0.28 
5591 0.28 
5592 0.28 
5593 0.28 
5594 0.28 
5595 0.28 
5596 0.28 
5597 0.28 
5598 0.28 
5599 0.28 
5600 0.28 
5601 0.28 
5602 0.28 
5603 0.28 
5604 0.28 
5605 0.28 
5606 0.28 
5607 0.28 
5608 0.28 
5609 0.28 
5610 0.28 
5611 0.28 
5612 0.28 
5613 0.28 
5614 0.28 
5615 0.28 
5616 0.28 
5617 0.28 
5618 0.28 
5619 0.28 
5620 0.28 
5621 0.28 
5622 0.28 
5623 0.28 
5624 0.28 
5625 0.28 
5626 0.28 
5627 0.28 
5628 0.28 
5629 0.28 
5630 0.28 
5631 0.28 
5632 0.28 
5633 0.28 
5634 0.28 
5635 0.28 
5636 0.28 
5637 0.28 
5638 0.28 
5639 0.28 
5640 0.28 
5641 0.28 
5642 0.28 
5643 0.28 
5644 0.28 
5645 0.28 
5646 0.28 
5647 0.28 
5648 0.28 
5649 0.28 
5650 0.28 
5651 0.28 
5652 0.28 
5653 0.28 
5654 0.28 
5655 0.28 
5656 0.28 
5657 0.28 
5658 0.27 
5659 0.27 
5660 0.27 
5661 0.27 
5662 0.27 
5663 0.27 
5664 0.27 
5665 0.27 
5666 0.27 
5667 0.27 
5668 0.27 
5669 0.27 
5670 0.27 
5671 0.27 
5672 0.27 
5673 0.27 
5674 0.27 
5675 0.27 
5676 0.27 
5677 0.27 
5678 0.27 
5679 0.27 
5680 0.27 
5681 0.27 
5682 0.27 
5683 0.27 
5684 0.27 
5685 0.27 
5686 0.27 
5687 0.27 
5688 0.27 
5689 0.27 
5690 0.27 
5691 0.27 
5692 0.27 
5693 0.27 
5694 0.27 
5695 0.27 
5696 0.27 
5697 0.27 
5698 0.27 
5699 0.27 
5700 0.27 
5701 0.27 
5702 0.27 
5703 0.27 
5704 0.27 
5705 0.27 
5706 0.27 
5707 0.27 
5708 0.27 
5709 0.27 
5710 0.27 
5711 0.27 
5712 0.27 
5713 0.27 
5714 0.27 
5715 0.27 
5716 0.27 
5717 0.27 
5718 0.27 
5719 0.27 
5720 0.27 
5721 0.27 
5722 0.27 
5723 0.27 
5724 0.27 
5725 0.27 
5726 0.27 
5727 0.27 
5728 0.27 
5729 0.27 
5730 0.27 
5731 0.27 
5732 0.27 
5733 0.27 
5734 0.27 
5735 0.27 
5736 0.27 
5737 0.27 
5738 0.27 
5739 0.27 
5740 0.27 
5741 0.27 
5742 0.27 
5743 0.27 
5744 0.27 
5745 0.27 
5746 0.27 
5747 0.27 
5748 0.27 
5749 0.27 
5750 0.27 
5751 0.27 
5752 0.27 
5753 0.27 
5754 0.27 
5755 0.27 
5756 0.27 
5757 0.27 
5758 0.27 
5759 0.27 
5760 0.27 
5761 0.27 
5762 0.27 
5763 0.27 
5764 0.27 
5765 0.27 
5766 0.27 
5767 0.27 
5768 0.27 
5769 0.27 
5770 0.27 
5771 0.27 
5772 0.27 
5773 0.27 
5774 0.27 
5775 0.27 
5776 0.27 
5777 0.27 
5778 0.27 
5779 0.27 
5780 0.27 
5781 0.27 
5782 0.27 
5783 0.27 
5784 0.27 
5785 0.27 
5786 0.27 
5787 0.27 
5788 0.27 
5789 0.27 
5790 0.27 
5791 0.27 
5792 0.27 
5793 0.27 
5794 0.27 
5795 0.27 
5796 0.27 
5797 0.27 
5798 0.27 
5799 0.27 
5800 0.27 
5801 0.27 
5802 0.27 
5803 0.27 
5804 0.27 
5805 0.27 
5806 0.27 
5807 0.27 
5808 0.27 
5809 0.27 
5810 0.27 
5811 0.27 
5812 0.27 
5813 0.27 
5814 0.27 
5815 0.27 
5816 0.27 
5817 0.27 
5818 0.27 
5819 0.27 
5820 0.27 
5821 0.27 
5822 0.27 
5823 0.27 
5824 0.27 
5825 0.27 
5826 0.27 
5827 0.27 
5828 0.27 
5829 0.27 
5830 0.27 
5831 0.27 
5832 0.27 
5833 0.26 
5834 0.26 
5835 0.26 
5836 0.26 
5837 0.26 
5838 0.26 
5839 0.26 
5840 0.26 
5841 0.26 
5842 0.26 
5843 0.26 
5844 0.26 
5845 0.26 
5846 0.26 
5847 0.26 
5848 0.26 
5849 0.26 
5850 0.26 
5851 0.26 
5852 0.26 
5853 0.26 
5854 0.26 
5855 0.26 
5856 0.26 
5857 0.26 
5858 0.26 
5859 0.26 
5860 0.26 
5861 0.26 
5862 0.26 
5863 0.26 
5864 0.26 
5865 0.26 
5866 0.26 
5867 0.26 
5868 0.26 
5869 0.26 
5870 0.26 
5871 0.26 
5872 0.26 
5873 0.26 
5874 0.26 
5875 0.26 
5876 0.26 
5877 0.26 
5878 0.26 
5879 0.26 
5880 0.26 
5881 0.26 
5882 0.26 
5883 0.26 
5884 0.26 
5885 0.26 
5886 0.26 
5887 0.26 
5888 0.26 
5889 0.26 
5890 0.26 
5891 0.26 
5892 0.26 
5893 0.26 
5894 0.26 
5895 0.26 
5896 0.26 
5897 0.26 
5898 0.26 
5899 0.26 
5900 0.26 
5901 0.26 
5902 0.26 
5903 0.26 
5904 0.26 
5905 0.26 
5906 0.26 
5907 0.26 
5908 0.26 
5909 0.26 
5910 0.26 
5911 0.26 
5912 0.26 
5913 0.26 
5914 0.26 
5915 0.26 
5916 0.26 
5917 0.26 
5918 0.26 
5919 0.26 
5920 0.26 
5921 0.26 
5922 0.26 
5923 0.26 
5924 0.26 
5925 0.26 
5926 0.26 
5927 0.26 
5928 0.26 
5929 0.26 
5930 0.26 
5931 0.26 
5932 0.26 
5933 0.26 
5934 0.26 
5935 0.26 
5936 0.26 
5937 0.26 
5938 0.26 
5939 0.26 
5940 0.26 
5941 0.26 
5942 0.26 
5943 0.26 
5944 0.26 
5945 0.26 
5946 0.26 
5947 0.26 
5948 0.26 
5949 0.26 
5950 0.26 
5951 0.26 
5952 0.26 
5953 0.26 
5954 0.26 
5955 0.26 
5956 0.26 
5957 0.26 
5958 0.26 
5959 0.26 
5960 0.26 
5961 0.26 
5962 0.26 
5963 0.26 
5964 0.26 
5965 0.26 
5966 0.26 
5967 0.26 
5968 0.26 
5969 0.26 
5970 0.26 
5971 0.26 
5972 0.26 
5973 0.26 
5974 0.26 
5975 0.26 
5976 0.26 
5977 0.26 
5978 0.26 
5979 0.26 
5980 0.26 
5981 0.26 
5982 0.26 
5983 0.26 
5984 0.26 
5985 0.26 
5986 0.26 
5987 0.26 
5988 0.26 
5989 0.26 
5990 0.26 
5991 0.26 
5992 0.26 
5993 0.26 
5994 0.26 
5995 0.26 
5996 0.26 
5997 0.26 
5998 0.26 
5999 0.26 
6000 0.26 
6001 0.26 
6002 0.26 
6003 0.26 
6004 0.26 
6005 0.26 
6006 0.26 
6007 0.26 
6008 0.26 
6009 0.26 
6010 0.26 
6011 0.26 
6012 0.26 
6013 0.26 
6014 0.26 
6015 0.26 
6016 0.26 
6017 0.26 
6018 0.25 
6019 0.25 
6020 0.25 
6021 0.25 
6022 0.25 
6023 0.25 
6024 0.25 
6025 0.25 
6026 0.25 
6027 0.25 
6028 0.25 
6029 0.25 
6030 0.25 
6031 0.25 
6032 0.25 
6033 0.25 
6034 0.25 
6035 0.25 
6036 0.25 
6037 0.25 
6038 0.25 
6039 0.25 
6040 0.25 
6041 0.25 
6042 0.25 
6043 0.25 
6044 0.25 
6045 0.25 
6046 0.25 
6047 0.25 
6048 0.25 
6049 0.25 
6050 0.25 
6051 0.25 
6052 0.25 
6053 0.25 
6054 0.25 
6055 0.25 
6056 0.25 
6057 0.25 
6058 0.25 
6059 0.25 
6060 0.25 
6061 0.25 
6062 0.25 
6063 0.25 
6064 0.25 
6065 0.25 
6066 0.25 
6067 0.25 
6068 0.25 
6069 0.25 
6070 0.25 
6071 0.25 
6072 0.25 
6073 0.25 
6074 0.25 
6075 0.25 
6076 0.25 
6077 0.25 
6078 0.25 
6079 0.25 
6080 0.25 
6081 0.25 
6082 0.25 
6083 0.25 
6084 0.25 
6085 0.25 
6086 0.25 
6087 0.25 
6088 0.25 
6089 0.25 
6090 0.25 
6091 0.25 
6092 0.25 
6093 0.25 
6094 0.25 
6095 0.25 
6096 0.25 
6097 0.25 
6098 0.25 
6099 0.25 
6100 0.25 
6101 0.25 
6102 0.25 
6103 0.25 
6104 0.25 
6105 0.25 
6106 0.25 
6107 0.25 
6108 0.25 
6109 0.25 
6110 0.25 
6111 0.25 
6112 0.25 
6113 0.25 
6114 0.25 
6115 0.25 
6116 0.25 
6117 0.25 
6118 0.25 
6119 0.25 
6120 0.25 
6121 0.25 
6122 0.25 
6123 0.25 
6124 0.25 
