2704 0.94 
2705 0.94 
2706 0.94 
2707 0.94 
2708 0.94 
2709 0.94 
2710 0.94 
2711 0.94 
2712 0.94 
2713 0.94 
2714 0.94 
2715 0.94 
2716 0.94 
2717 0.93 
2718 0.93 
2719 0.93 
2720 0.93 
2721 0.93 
2722 0.93 
2723 0.93 
2724 0.93 
2725 0.93 
2726 0.93 
2727 0.93 
2728 0.93 
2729 0.93 
2730 0.92 
2731 0.92 
2732 0.92 
2733 0.92 
2734 0.92 
2735 0.92 
2736 0.92 
2737 0.92 
2738 0.92 
2739 0.92 
2740 0.92 
2741 0.92 
2742 0.92 
2743 0.92 
2744 0.91 
2745 0.91 
2746 0.91 
2747 0.91 
2748 0.91 
2749 0.91 
2750 0.91 
2751 0.91 
2752 0.91 
2753 0.91 
2754 0.91 
2755 0.91 
2756 0.91 
2757 0.91 
2758 0.91 
2759 0.90 
2760 0.90 
2761 0.90 
2762 0.90 
2763 0.90 
2764 0.90 
2765 0.90 
2766 0.90 
2767 0.90 
2768 0.90 
2769 0.90 
2770 0.90 
2771 0.90 
2772 0.90 
2773 0.89 
2774 0.89 
2775 0.89 
2776 0.89 
2777 0.89 
2778 0.89 
2779 0.89 
2780 0.89 
2781 0.89 
2782 0.89 
2783 0.89 
2784 0.89 
2785 0.89 
2786 0.89 
2787 0.89 
2788 0.88 
2789 0.88 
2790 0.88 
2791 0.88 
2792 0.88 
2793 0.88 
2794 0.88 
2795 0.88 
2796 0.88 
2797 0.88 
2798 0.88 
2799 0.88 
2800 0.88 
2801 0.88 
2802 0.87 
2803 0.87 
2804 0.87 
2805 0.87 
2806 0.87 
2807 0.87 
2808 0.87 
2809 0.87 
2810 0.87 
2811 0.87 
2812 0.87 
2813 0.87 
2814 0.87 
2815 0.87 
2816 0.87 
2817 0.87 
2818 0.86 
2819 0.86 
2820 0.86 
2821 0.86 
2822 0.86 
2823 0.86 
2824 0.86 
2825 0.86 
2826 0.86 
2827 0.86 
2828 0.86 
2829 0.86 
2830 0.86 
2831 0.86 
2832 0.86 
2833 0.86 
2834 0.85 
2835 0.85 
2836 0.85 
2837 0.85 
2838 0.85 
2839 0.85 
2840 0.85 
2841 0.85 
2842 0.85 
2843 0.85 
2844 0.85 
2845 0.85 
2846 0.85 
2847 0.85 
2848 0.85 
2849 0.85 
2850 0.84 
2851 0.84 
2852 0.84 
2853 0.84 
2854 0.84 
2855 0.84 
2856 0.84 
2857 0.84 
2858 0.84 
2859 0.84 
2860 0.84 
2861 0.84 
2862 0.84 
2863 0.84 
2864 0.84 
2865 0.84 
2866 0.83 
2867 0.83 
2868 0.83 
2869 0.83 
2870 0.83 
2871 0.83 
2872 0.83 
2873 0.83 
2874 0.83 
2875 0.83 
2876 0.83 
2877 0.83 
2878 0.83 
2879 0.83 
2880 0.83 
2881 0.83 
2882 0.83 
2883 0.82 
2884 0.82 
2885 0.82 
2886 0.82 
2887 0.82 
2888 0.82 
2889 0.82 
2890 0.82 
2891 0.82 
2892 0.82 
2893 0.82 
2894 0.82 
2895 0.82 
2896 0.82 
2897 0.82 
2898 0.82 
2899 0.82 
2900 0.81 
2901 0.81 
2902 0.81 
2903 0.81 
2904 0.81 
2905 0.81 
2906 0.81 
2907 0.81 
2908 0.81 
2909 0.81 
2910 0.81 
2911 0.81 
2912 0.81 
2913 0.81 
2914 0.81 
2915 0.81 
2916 0.81 
2917 0.80 
2918 0.80 
2919 0.80 
2920 0.80 
2921 0.80 
2922 0.80 
2923 0.80 
2924 0.80 
2925 0.80 
2926 0.80 
2927 0.80 
2928 0.80 
2929 0.80 
2930 0.80 
2931 0.80 
2932 0.80 
2933 0.80 
2934 0.80 
2935 0.80 
2936 0.79 
2937 0.79 
2938 0.79 
2939 0.79 
2940 0.79 
2941 0.79 
2942 0.79 
2943 0.79 
2944 0.79 
2945 0.79 
2946 0.79 
2947 0.79 
2948 0.79 
2949 0.79 
2950 0.79 
2951 0.79 
2952 0.79 
2953 0.79 
2954 0.78 
2955 0.78 
2956 0.78 
2957 0.78 
2958 0.78 
2959 0.78 
2960 0.78 
2961 0.78 
2962 0.78 
2963 0.78 
2964 0.78 
2965 0.78 
2966 0.78 
2967 0.78 
2968 0.78 
2969 0.78 
2970 0.78 
2971 0.78 
2972 0.78 
2973 0.78 
2974 0.77 
2975 0.77 
2976 0.77 
2977 0.77 
2978 0.77 
2979 0.77 
2980 0.77 
2981 0.77 
2982 0.77 
2983 0.77 
2984 0.77 
2985 0.77 
2986 0.77 
2987 0.77 
2988 0.77 
2989 0.77 
2990 0.77 
2991 0.77 
2992 0.77 
2993 0.77 
2994 0.76 
2995 0.76 
2996 0.76 
2997 0.76 
2998 0.76 
2999 0.76 
3000 0.76 
3001 0.76 
3002 0.76 
3003 0.76 
3004 0.76 
3005 0.76 
3006 0.76 
3007 0.76 
3008 0.76 
3009 0.76 
3010 0.76 
3011 0.76 
3012 0.76 
3013 0.76 
3014 0.75 
3015 0.75 
3016 0.75 
3017 0.75 
3018 0.75 
3019 0.75 
3020 0.75 
3021 0.75 
3022 0.75 
3023 0.75 
3024 0.75 
3025 0.75 
3026 0.75 
3027 0.75 
3028 0.75 
3029 0.75 
3030 0.75 
3031 0.75 
3032 0.75 
3033 0.75 
3034 0.75 
3035 0.74 
3036 0.74 
3037 0.74 
3038 0.74 
3039 0.74 
3040 0.74 
3041 0.74 
3042 0.74 
3043 0.74 
3044 0.74 
3045 0.74 
3046 0.74 
3047 0.74 
3048 0.74 
3049 0.74 
3050 0.74 
3051 0.74 
3052 0.74 
3053 0.74 
3054 0.74 
3055 0.73 
3056 0.73 
3057 0.73 
3058 0.73 
3059 0.73 
3060 0.73 
3061 0.73 
3062 0.73 
3063 0.73 
3064 0.73 
3065 0.73 
3066 0.73 
3067 0.73 
3068 0.73 
3069 0.73 
3070 0.73 
3071 0.73 
3072 0.73 
3073 0.73 
3074 0.73 
3075 0.73 
3076 0.73 
3077 0.72 
3078 0.72 
3079 0.72 
3080 0.72 
3081 0.72 
3082 0.72 
3083 0.72 
3084 0.72 
3085 0.72 
3086 0.72 
3087 0.72 
3088 0.72 
3089 0.72 
3090 0.72 
3091 0.72 
3092 0.72 
3093 0.72 
3094 0.72 
3095 0.72 
3096 0.72 
3097 0.72 
3098 0.72 
3099 0.72 
3100 0.71 
3101 0.71 
3102 0.71 
3103 0.71 
3104 0.71 
3105 0.71 
3106 0.71 
3107 0.71 
3108 0.71 
3109 0.71 
3110 0.71 
3111 0.71 
3112 0.71 
3113 0.71 
3114 0.71 
3115 0.71 
3116 0.71 
3117 0.71 
3118 0.71 
3119 0.71 
3120 0.71 
3121 0.71 
3122 0.71 
3123 0.70 
3124 0.70 
3125 0.70 
3126 0.70 
3127 0.70 
3128 0.70 
3129 0.70 
3130 0.70 
3131 0.70 
3132 0.70 
3133 0.70 
3134 0.70 
3135 0.70 
3136 0.70 
3137 0.70 
3138 0.70 
3139 0.70 
3140 0.70 
3141 0.70 
3142 0.70 
3143 0.70 
3144 0.70 
3145 0.70 
3146 0.70 
3147 0.69 
3148 0.69 
3149 0.69 
3150 0.69 
3151 0.69 
3152 0.69 
3153 0.69 
3154 0.69 
3155 0.69 
3156 0.69 
3157 0.69 
3158 0.69 
3159 0.69 
3160 0.69 
3161 0.69 
3162 0.69 
3163 0.69 
3164 0.69 
3165 0.69 
3166 0.69 
3167 0.69 
3168 0.69 
3169 0.69 
3170 0.69 
3171 0.69 
3172 0.68 
3173 0.68 
3174 0.68 
3175 0.68 
3176 0.68 
3177 0.68 
3178 0.68 
3179 0.68 
3180 0.68 
3181 0.68 
3182 0.68 
3183 0.68 
3184 0.68 
3185 0.68 
3186 0.68 
3187 0.68 
3188 0.68 
3189 0.68 
3190 0.68 
3191 0.68 
3192 0.68 
3193 0.68 
3194 0.68 
3195 0.68 
3196 0.68 
3197 0.67 
3198 0.67 
3199 0.67 
3200 0.67 
3201 0.67 
3202 0.67 
3203 0.67 
3204 0.67 
3205 0.67 
3206 0.67 
3207 0.67 
3208 0.67 
3209 0.67 
3210 0.67 
3211 0.67 
3212 0.67 
3213 0.67 
3214 0.67 
3215 0.67 
3216 0.67 
3217 0.67 
3218 0.67 
3219 0.67 
3220 0.67 
3221 0.67 
3222 0.66 
3223 0.66 
3224 0.66 
3225 0.66 
3226 0.66 
3227 0.66 
3228 0.66 
3229 0.66 
3230 0.66 
3231 0.66 
3232 0.66 
3233 0.66 
3234 0.66 
3235 0.66 
3236 0.66 
3237 0.66 
3238 0.66 
3239 0.66 
3240 0.66 
3241 0.66 
3242 0.66 
3243 0.66 
3244 0.66 
3245 0.66 
3246 0.66 
3247 0.66 
3248 0.66 
3249 0.65 
3250 0.65 
3251 0.65 
3252 0.65 
3253 0.65 
3254 0.65 
3255 0.65 
3256 0.65 
3257 0.65 
3258 0.65 
3259 0.65 
3260 0.65 
3261 0.65 
3262 0.65 
3263 0.65 
3264 0.65 
3265 0.65 
3266 0.65 
3267 0.65 
3268 0.65 
3269 0.65 
3270 0.65 
3271 0.65 
3272 0.65 
3273 0.65 
3274 0.65 
3275 0.65 
3276 0.65 
3277 0.64 
3278 0.64 
3279 0.64 
3280 0.64 
3281 0.64 
3282 0.64 
3283 0.64 
3284 0.64 
3285 0.64 
3286 0.64 
3287 0.64 
3288 0.64 
3289 0.64 
3290 0.64 
3291 0.64 
3292 0.64 
3293 0.64 
3294 0.64 
3295 0.64 
3296 0.64 
3297 0.64 
3298 0.64 
3299 0.64 
3300 0.64 
3301 0.64 
3302 0.64 
3303 0.64 
3304 0.64 
3305 0.64 
3306 0.63 
3307 0.63 
3308 0.63 
3309 0.63 
3310 0.63 
3311 0.63 
3312 0.63 
3313 0.63 
3314 0.63 
3315 0.63 
3316 0.63 
3317 0.63 
3318 0.63 
3319 0.63 
3320 0.63 
3321 0.63 
3322 0.63 
3323 0.63 
3324 0.63 
3325 0.63 
3326 0.63 
3327 0.63 
3328 0.63 
3329 0.63 
3330 0.63 
3331 0.63 
3332 0.63 
3333 0.63 
3334 0.63 
3335 0.62 
3336 0.62 
3337 0.62 
3338 0.62 
3339 0.62 
3340 0.62 
3341 0.62 
3342 0.62 
3343 0.62 
3344 0.62 
3345 0.62 
3346 0.62 
3347 0.62 
3348 0.62 
3349 0.62 
3350 0.62 
3351 0.62 
3352 0.62 
3353 0.62 
3354 0.62 
3355 0.62 
3356 0.62 
3357 0.62 
3358 0.62 
3359 0.62 
3360 0.62 
3361 0.62 
3362 0.62 
3363 0.62 
3364 0.62 
3365 0.61 
3366 0.61 
3367 0.61 
3368 0.61 
3369 0.61 
3370 0.61 
3371 0.61 
3372 0.61 
3373 0.61 
3374 0.61 
3375 0.61 
3376 0.61 
3377 0.61 
3378 0.61 
3379 0.61 
3380 0.61 
3381 0.61 
3382 0.61 
3383 0.61 
3384 0.61 
3385 0.61 
3386 0.61 
3387 0.61 
3388 0.61 
3389 0.61 
3390 0.61 
3391 0.61 
3392 0.61 
3393 0.61 
3394 0.61 
3395 0.61 
3396 0.61 
3397 0.60 
3398 0.60 
3399 0.60 
3400 0.60 
3401 0.60 
3402 0.60 
3403 0.60 
3404 0.60 
3405 0.60 
3406 0.60 
3407 0.60 
3408 0.60 
3409 0.60 
3410 0.60 
3411 0.60 
3412 0.60 
3413 0.60 
3414 0.60 
3415 0.60 
3416 0.60 
3417 0.60 
3418 0.60 
3419 0.60 
3420 0.60 
3421 0.60 
3422 0.60 
3423 0.60 
3424 0.60 
3425 0.60 
3426 0.60 
3427 0.60 
3428 0.60 
3429 0.60 
3430 0.59 
3431 0.59 
3432 0.59 
3433 0.59 
3434 0.59 
3435 0.59 
3436 0.59 
3437 0.59 
3438 0.59 
3439 0.59 
3440 0.59 
3441 0.59 
3442 0.59 
3443 0.59 
3444 0.59 
3445 0.59 
3446 0.59 
3447 0.59 
3448 0.59 
3449 0.59 
3450 0.59 
3451 0.59 
3452 0.59 
3453 0.59 
3454 0.59 
3455 0.59 
3456 0.59 
3457 0.59 
3458 0.59 
3459 0.59 
3460 0.59 
3461 0.59 
3462 0.59 
3463 0.59 
3464 0.59 
3465 0.58 
3466 0.58 
3467 0.58 
3468 0.58 
3469 0.58 
3470 0.58 
3471 0.58 
3472 0.58 
3473 0.58 
3474 0.58 
3475 0.58 
3476 0.58 
3477 0.58 
3478 0.58 
3479 0.58 
3480 0.58 
3481 0.58 
3482 0.58 
3483 0.58 
3484 0.58 
3485 0.58 
3486 0.58 
3487 0.58 
3488 0.58 
3489 0.58 
3490 0.58 
3491 0.58 
3492 0.58 
3493 0.58 
3494 0.58 
3495 0.58 
3496 0.58 
3497 0.58 
3498 0.58 
3499 0.58 
3500 0.57 
3501 0.57 
3502 0.57 
3503 0.57 
3504 0.57 
3505 0.57 
3506 0.57 
3507 0.57 
3508 0.57 
3509 0.57 
3510 0.57 
3511 0.57 
3512 0.57 
3513 0.57 
3514 0.57 
3515 0.57 
3516 0.57 
3517 0.57 
3518 0.57 
3519 0.57 
3520 0.57 
3521 0.57 
3522 0.57 
3523 0.57 
3524 0.57 
3525 0.57 
3526 0.57 
3527 0.57 
3528 0.57 
3529 0.57 
3530 0.57 
3531 0.57 
3532 0.57 
3533 0.57 
3534 0.57 
3535 0.57 
3536 0.56 
3537 0.56 
3538 0.56 
3539 0.56 
3540 0.56 
3541 0.56 
3542 0.56 
3543 0.56 
3544 0.56 
3545 0.56 
3546 0.56 
3547 0.56 
3548 0.56 
3549 0.56 
3550 0.56 
3551 0.56 
3552 0.56 
3553 0.56 
3554 0.56 
3555 0.56 
3556 0.56 
3557 0.56 
3558 0.56 
3559 0.56 
3560 0.56 
3561 0.56 
3562 0.56 
3563 0.56 
3564 0.56 
3565 0.56 
3566 0.56 
3567 0.56 
3568 0.56 
3569 0.56 
3570 0.56 
3571 0.56 
3572 0.56 
3573 0.56 
3574 0.55 
3575 0.55 
3576 0.55 
3577 0.55 
3578 0.55 
3579 0.55 
3580 0.55 
3581 0.55 
3582 0.55 
3583 0.55 
3584 0.55 
3585 0.55 
3586 0.55 
3587 0.55 
3588 0.55 
3589 0.55 
3590 0.55 
3591 0.55 
3592 0.55 
3593 0.55 
3594 0.55 
3595 0.55 
3596 0.55 
3597 0.55 
3598 0.55 
3599 0.55 
3600 0.55 
3601 0.55 
3602 0.55 
3603 0.55 
3604 0.55 
3605 0.55 
3606 0.55 
3607 0.55 
3608 0.55 
3609 0.55 
3610 0.55 
3611 0.55 
3612 0.55 
3613 0.54 
3614 0.54 
3615 0.54 
3616 0.54 
3617 0.54 
3618 0.54 
3619 0.54 
3620 0.54 
3621 0.54 
3622 0.54 
3623 0.54 
3624 0.54 
3625 0.54 
3626 0.54 
3627 0.54 
3628 0.54 
3629 0.54 
3630 0.54 
3631 0.54 
3632 0.54 
3633 0.54 
3634 0.54 
3635 0.54 
3636 0.54 
3637 0.54 
3638 0.54 
3639 0.54 
3640 0.54 
3641 0.54 
3642 0.54 
3643 0.54 
3644 0.54 
3645 0.54 
3646 0.54 
3647 0.54 
3648 0.54 
3649 0.54 
3650 0.54 
3651 0.54 
3652 0.54 
3653 0.53 
3654 0.53 
3655 0.53 
3656 0.53 
3657 0.53 
3658 0.53 
3659 0.53 
3660 0.53 
3661 0.53 
3662 0.53 
3663 0.53 
3664 0.53 
3665 0.53 
3666 0.53 
3667 0.53 
3668 0.53 
3669 0.53 
3670 0.53 
3671 0.53 
3672 0.53 
3673 0.53 
3674 0.53 
3675 0.53 
3676 0.53 
3677 0.53 
3678 0.53 
3679 0.53 
3680 0.53 
3681 0.53 
3682 0.53 
3683 0.53 
3684 0.53 
3685 0.53 
3686 0.53 
3687 0.53 
3688 0.53 
3689 0.53 
3690 0.53 
3691 0.53 
3692 0.53 
3693 0.53 
3694 0.52 
3695 0.52 
3696 0.52 
3697 0.52 
3698 0.52 
3699 0.52 
3700 0.52 
3701 0.52 
3702 0.52 
3703 0.52 
3704 0.52 
3705 0.52 
3706 0.52 
3707 0.52 
3708 0.52 
3709 0.52 
3710 0.52 
3711 0.52 
3712 0.52 
3713 0.52 
3714 0.52 
3715 0.52 
3716 0.52 
3717 0.52 
3718 0.52 
3719 0.52 
3720 0.52 
3721 0.52 
3722 0.52 
3723 0.52 
3724 0.52 
3725 0.52 
3726 0.52 
3727 0.52 
3728 0.52 
3729 0.52 
3730 0.52 
3731 0.52 
3732 0.52 
3733 0.52 
3734 0.52 
3735 0.52 
3736 0.51 
3737 0.51 
3738 0.51 
3739 0.51 
3740 0.51 
3741 0.51 
3742 0.51 
3743 0.51 
3744 0.51 
3745 0.51 
3746 0.51 
3747 0.51 
3748 0.51 
3749 0.51 
3750 0.51 
3751 0.51 
3752 0.51 
3753 0.51 
3754 0.51 
3755 0.51 
3756 0.51 
3757 0.51 
3758 0.51 
3759 0.51 
3760 0.51 
3761 0.51 
3762 0.51 
3763 0.51 
3764 0.51 
3765 0.51 
3766 0.51 
3767 0.51 
3768 0.51 
3769 0.51 
3770 0.51 
3771 0.51 
3772 0.51 
3773 0.51 
3774 0.51 
3775 0.51 
3776 0.51 
3777 0.51 
3778 0.51 
3779 0.51 
3780 0.51 
3781 0.51 
3782 0.50 
3783 0.50 
3784 0.50 
3785 0.50 
3786 0.50 
3787 0.50 
3788 0.50 
3789 0.50 
3790 0.50 
3791 0.50 
3792 0.50 
3793 0.50 
3794 0.50 
3795 0.50 
3796 0.50 
3797 0.50 
3798 0.50 
3799 0.50 
3800 0.50 
3801 0.50 
3802 0.50 
3803 0.50 
3804 0.50 
3805 0.50 
3806 0.50 
3807 0.50 
3808 0.50 
3809 0.50 
3810 0.50 
3811 0.50 
3812 0.50 
3813 0.50 
3814 0.50 
3815 0.50 
3816 0.50 
3817 0.50 
3818 0.50 
3819 0.50 
3820 0.50 
3821 0.50 
3822 0.50 
3823 0.50 
3824 0.50 
3825 0.50 
3826 0.50 
3827 0.50 
3828 0.50 
3829 0.49 
3830 0.49 
3831 0.49 
3832 0.49 
3833 0.49 
3834 0.49 
3835 0.49 
3836 0.49 
3837 0.49 
3838 0.49 
3839 0.49 
3840 0.49 
3841 0.49 
3842 0.49 
3843 0.49 
3844 0.49 
3845 0.49 
3846 0.49 
3847 0.49 
3848 0.49 
3849 0.49 
3850 0.49 
3851 0.49 
3852 0.49 
3853 0.49 
3854 0.49 
3855 0.49 
3856 0.49 
3857 0.49 
3858 0.49 
3859 0.49 
3860 0.49 
3861 0.49 
3862 0.49 
3863 0.49 
3864 0.49 
3865 0.49 
3866 0.49 
3867 0.49 
3868 0.49 
3869 0.49 
3870 0.49 
3871 0.49 
3872 0.49 
3873 0.49 
3874 0.49 
3875 0.49 
3876 0.49 
3877 0.49 
3878 0.48 
3879 0.48 
3880 0.48 
3881 0.48 
3882 0.48 
3883 0.48 
3884 0.48 
3885 0.48 
3886 0.48 
3887 0.48 
3888 0.48 
3889 0.48 
3890 0.48 
3891 0.48 
3892 0.48 
3893 0.48 
3894 0.48 
3895 0.48 
3896 0.48 
3897 0.48 
3898 0.48 
3899 0.48 
3900 0.48 
3901 0.48 
3902 0.48 
3903 0.48 
3904 0.48 
3905 0.48 
3906 0.48 
3907 0.48 
3908 0.48 
3909 0.48 
3910 0.48 
3911 0.48 
3912 0.48 
3913 0.48 
3914 0.48 
3915 0.48 
3916 0.48 
3917 0.48 
3918 0.48 
3919 0.48 
3920 0.48 
3921 0.48 
3922 0.48 
3923 0.48 
3924 0.48 
3925 0.48 
3926 0.48 
3927 0.48 
3928 0.48 
3929 0.47 
3930 0.47 
3931 0.47 
3932 0.47 
3933 0.47 
3934 0.47 
3935 0.47 
3936 0.47 
3937 0.47 
3938 0.47 
3939 0.47 
3940 0.47 
3941 0.47 
3942 0.47 
3943 0.47 
3944 0.47 
3945 0.47 
3946 0.47 
3947 0.47 
3948 0.47 
3949 0.47 
3950 0.47 
3951 0.47 
3952 0.47 
3953 0.47 
3954 0.47 
3955 0.47 
3956 0.47 
3957 0.47 
3958 0.47 
3959 0.47 
3960 0.47 
3961 0.47 
3962 0.47 
3963 0.47 
3964 0.47 
3965 0.47 
3966 0.47 
3967 0.47 
3968 0.47 
3969 0.47 
3970 0.47 
3971 0.47 
3972 0.47 
3973 0.47 
3974 0.47 
3975 0.47 
3976 0.47 
3977 0.47 
3978 0.47 
3979 0.47 
3980 0.47 
3981 0.46 
3982 0.46 
3983 0.46 
3984 0.46 
3985 0.46 
3986 0.46 
3987 0.46 
3988 0.46 
3989 0.46 
3990 0.46 
3991 0.46 
3992 0.46 
3993 0.46 
3994 0.46 
3995 0.46 
3996 0.46 
3997 0.46 
3998 0.46 
3999 0.46 
4000 0.46 
4001 0.46 
4002 0.46 
4003 0.46 
4004 0.46 
4005 0.46 
4006 0.46 
4007 0.46 
4008 0.46 
4009 0.46 
4010 0.46 
4011 0.46 
4012 0.46 
4013 0.46 
4014 0.46 
4015 0.46 
4016 0.46 
4017 0.46 
4018 0.46 
4019 0.46 
4020 0.46 
4021 0.46 
4022 0.46 
4023 0.46 
4024 0.46 
4025 0.46 
4026 0.46 
4027 0.46 
4028 0.46 
4029 0.46 
4030 0.46 
4031 0.46 
4032 0.46 
4033 0.46 
4034 0.46 
4035 0.46 
4036 0.46 
4037 0.46 
4038 0.46 
4039 0.45 
4040 0.45 
4041 0.45 
4042 0.45 
4043 0.45 
4044 0.45 
4045 0.45 
4046 0.45 
4047 0.45 
4048 0.45 
4049 0.45 
4050 0.45 
4051 0.45 
4052 0.45 
4053 0.45 
4054 0.45 
4055 0.45 
4056 0.45 
4057 0.45 
4058 0.45 
4059 0.45 
4060 0.45 
4061 0.45 
4062 0.45 
4063 0.45 
4064 0.45 
4065 0.45 
4066 0.45 
4067 0.45 
4068 0.45 
4069 0.45 
4070 0.45 
4071 0.45 
4072 0.45 
4073 0.45 
4074 0.45 
4075 0.45 
4076 0.45 
4077 0.45 
4078 0.45 
4079 0.45 
4080 0.45 
4081 0.45 
4082 0.45 
4083 0.45 
4084 0.45 
4085 0.45 
4086 0.45 
4087 0.45 
4088 0.45 
4089 0.45 
4090 0.45 
4091 0.45 
4092 0.45 
4093 0.45 
4094 0.45 
4095 0.45 
4096 0.45 
4097 0.45 
4098 0.44 
4099 0.44 
4100 0.44 
4101 0.44 
4102 0.44 
4103 0.44 
4104 0.44 
4105 0.44 
4106 0.44 
4107 0.44 
4108 0.44 
4109 0.44 
4110 0.44 
4111 0.44 
4112 0.44 
4113 0.44 
4114 0.44 
4115 0.44 
4116 0.44 
4117 0.44 
4118 0.44 
4119 0.44 
4120 0.44 
4121 0.44 
4122 0.44 
4123 0.44 
4124 0.44 
4125 0.44 
4126 0.44 
4127 0.44 
4128 0.44 
4129 0.44 
4130 0.44 
4131 0.44 
4132 0.44 
4133 0.44 
4134 0.44 
4135 0.44 
4136 0.44 
4137 0.44 
4138 0.44 
4139 0.44 
4140 0.44 
4141 0.44 
4142 0.44 
4143 0.44 
4144 0.44 
4145 0.44 
4146 0.44 
4147 0.44 
4148 0.44 
4149 0.44 
4150 0.44 
4151 0.44 
4152 0.44 
4153 0.44 
4154 0.44 
4155 0.44 
4156 0.44 
4157 0.44 
4158 0.44 
4159 0.44 
4160 0.43 
4161 0.43 
4162 0.43 
4163 0.43 
4164 0.43 
4165 0.43 
4166 0.43 
4167 0.43 
4168 0.43 
4169 0.43 
4170 0.43 
4171 0.43 
4172 0.43 
4173 0.43 
4174 0.43 
4175 0.43 
4176 0.43 
4177 0.43 
4178 0.43 
4179 0.43 
4180 0.43 
4181 0.43 
4182 0.43 
4183 0.43 
4184 0.43 
4185 0.43 
4186 0.43 
4187 0.43 
4188 0.43 
4189 0.43 
4190 0.43 
4191 0.43 
4192 0.43 
4193 0.43 
4194 0.43 
4195 0.43 
4196 0.43 
4197 0.43 
4198 0.43 
4199 0.43 
4200 0.43 
4201 0.43 
4202 0.43 
4203 0.43 
4204 0.43 
4205 0.43 
4206 0.43 
4207 0.43 
4208 0.43 
4209 0.43 
4210 0.43 
4211 0.43 
4212 0.43 
4213 0.43 
4214 0.43 
4215 0.43 
4216 0.43 
4217 0.43 
4218 0.43 
4219 0.43 
4220 0.43 
4221 0.43 
4222 0.43 
4223 0.43 
4224 0.42 
4225 0.42 
4226 0.42 
4227 0.42 
4228 0.42 
4229 0.42 
4230 0.42 
4231 0.42 
4232 0.42 
4233 0.42 
4234 0.42 
4235 0.42 
4236 0.42 
4237 0.42 
4238 0.42 
4239 0.42 
4240 0.42 
4241 0.42 
4242 0.42 
4243 0.42 
4244 0.42 
4245 0.42 
4246 0.42 
4247 0.42 
4248 0.42 
4249 0.42 
4250 0.42 
4251 0.42 
4252 0.42 
4253 0.42 
4254 0.42 
4255 0.42 
4256 0.42 
4257 0.42 
4258 0.42 
4259 0.42 
4260 0.42 
4261 0.42 
4262 0.42 
4263 0.42 
4264 0.42 
4265 0.42 
4266 0.42 
4267 0.42 
4268 0.42 
4269 0.42 
4270 0.42 
4271 0.42 
4272 0.42 
4273 0.42 
4274 0.42 
4275 0.42 
4276 0.42 
4277 0.42 
4278 0.42 
4279 0.42 
4280 0.42 
4281 0.42 
4282 0.42 
4283 0.42 
4284 0.42 
4285 0.42 
4286 0.42 
4287 0.42 
4288 0.42 
4289 0.42 
4290 0.41 
4291 0.41 
4292 0.41 
4293 0.41 
4294 0.41 
4295 0.41 
4296 0.41 
4297 0.41 
4298 0.41 
4299 0.41 
4300 0.41 
4301 0.41 
4302 0.41 
4303 0.41 
4304 0.41 
4305 0.41 
4306 0.41 
4307 0.41 
4308 0.41 
4309 0.41 
4310 0.41 
4311 0.41 
4312 0.41 
4313 0.41 
4314 0.41 
4315 0.41 
4316 0.41 
4317 0.41 
4318 0.41 
4319 0.41 
4320 0.41 
4321 0.41 
4322 0.41 
4323 0.41 
4324 0.41 
4325 0.41 
4326 0.41 
4327 0.41 
4328 0.41 
4329 0.41 
4330 0.41 
4331 0.41 
4332 0.41 
4333 0.41 
4334 0.41 
4335 0.41 
4336 0.41 
4337 0.41 
4338 0.41 
4339 0.41 
4340 0.41 
4341 0.41 
4342 0.41 
4343 0.41 
4344 0.41 
4345 0.41 
4346 0.41 
4347 0.41 
4348 0.41 
4349 0.41 
4350 0.41 
4351 0.41 
4352 0.41 
4353 0.41 
4354 0.41 
4355 0.41 
4356 0.41 
4357 0.41 
4358 0.41 
4359 0.41 
4360 0.41 
4361 0.40 
4362 0.40 
4363 0.40 
4364 0.40 
4365 0.40 
4366 0.40 
4367 0.40 
4368 0.40 
4369 0.40 
4370 0.40 
4371 0.40 
4372 0.40 
4373 0.40 
4374 0.40 
4375 0.40 
4376 0.40 
4377 0.40 
4378 0.40 
4379 0.40 
4380 0.40 
4381 0.40 
4382 0.40 
4383 0.40 
4384 0.40 
4385 0.40 
4386 0.40 
4387 0.40 
4388 0.40 
4389 0.40 
4390 0.40 
4391 0.40 
4392 0.40 
4393 0.40 
4394 0.40 
4395 0.40 
4396 0.40 
4397 0.40 
4398 0.40 
4399 0.40 
4400 0.40 
4401 0.40 
4402 0.40 
4403 0.40 
4404 0.40 
4405 0.40 
4406 0.40 
4407 0.40 
4408 0.40 
4409 0.40 
4410 0.40 
4411 0.40 
4412 0.40 
4413 0.40 
4414 0.40 
4415 0.40 
4416 0.40 
4417 0.40 
4418 0.40 
4419 0.40 
4420 0.40 
4421 0.40 
4422 0.40 
4423 0.40 
4424 0.40 
4425 0.40 
4426 0.40 
4427 0.40 
4428 0.40 
4429 0.40 
4430 0.40 
4431 0.40 
4432 0.40 
4433 0.40 
4434 0.40 
4435 0.39 
4436 0.39 
4437 0.39 
4438 0.39 
4439 0.39 
4440 0.39 
4441 0.39 
4442 0.39 
4443 0.39 
4444 0.39 
4445 0.39 
4446 0.39 
4447 0.39 
4448 0.39 
4449 0.39 
4450 0.39 
4451 0.39 
4452 0.39 
4453 0.39 
4454 0.39 
4455 0.39 
4456 0.39 
4457 0.39 
4458 0.39 
4459 0.39 
4460 0.39 
4461 0.39 
4462 0.39 
4463 0.39 
4464 0.39 
4465 0.39 
4466 0.39 
4467 0.39 
4468 0.39 
4469 0.39 
4470 0.39 
4471 0.39 
4472 0.39 
4473 0.39 
4474 0.39 
4475 0.39 
4476 0.39 
4477 0.39 
4478 0.39 
4479 0.39 
4480 0.39 
4481 0.39 
4482 0.39 
4483 0.39 
4484 0.39 
4485 0.39 
4486 0.39 
4487 0.39 
4488 0.39 
4489 0.39 
4490 0.39 
4491 0.39 
4492 0.39 
4493 0.39 
4494 0.39 
4495 0.39 
4496 0.39 
4497 0.39 
4498 0.39 
4499 0.39 
4500 0.39 
4501 0.39 
4502 0.39 
4503 0.39 
4504 0.39 
4505 0.39 
4506 0.39 
4507 0.39 
4508 0.39 
4509 0.39 
4510 0.39 
4511 0.39 
4512 0.39 
4513 0.38 
4514 0.38 
4515 0.38 
4516 0.38 
4517 0.38 
4518 0.38 
4519 0.38 
4520 0.38 
4521 0.38 
4522 0.38 
4523 0.38 
4524 0.38 
4525 0.38 
4526 0.38 
4527 0.38 
4528 0.38 
4529 0.38 
4530 0.38 
4531 0.38 
4532 0.38 
4533 0.38 
4534 0.38 
4535 0.38 
4536 0.38 
4537 0.38 
4538 0.38 
4539 0.38 
4540 0.38 
4541 0.38 
4542 0.38 
4543 0.38 
4544 0.38 
4545 0.38 
4546 0.38 
4547 0.38 
4548 0.38 
4549 0.38 
4550 0.38 
4551 0.38 
4552 0.38 
4553 0.38 
4554 0.38 
4555 0.38 
4556 0.38 
4557 0.38 
4558 0.38 
4559 0.38 
4560 0.38 
4561 0.38 
4562 0.38 
4563 0.38 
4564 0.38 
4565 0.38 
4566 0.38 
4567 0.38 
4568 0.38 
4569 0.38 
4570 0.38 
4571 0.38 
4572 0.38 
4573 0.38 
4574 0.38 
4575 0.38 
4576 0.38 
4577 0.38 
4578 0.38 
4579 0.38 
4580 0.38 
4581 0.38 
4582 0.38 
4583 0.38 
4584 0.38 
4585 0.38 
4586 0.38 
4587 0.38 
4588 0.38 
4589 0.38 
4590 0.38 
4591 0.38 
4592 0.38 
4593 0.38 
4594 0.37 
4595 0.37 
4596 0.37 
4597 0.37 
4598 0.37 
4599 0.37 
4600 0.37 
4601 0.37 
4602 0.37 
4603 0.37 
4604 0.37 
4605 0.37 
4606 0.37 
4607 0.37 
4608 0.37 
4609 0.37 
4610 0.37 
4611 0.37 
4612 0.37 
4613 0.37 
4614 0.37 
4615 0.37 
4616 0.37 
4617 0.37 
4618 0.37 
4619 0.37 
4620 0.37 
4621 0.37 
4622 0.37 
4623 0.37 
4624 0.37 
4625 0.37 
4626 0.37 
4627 0.37 
4628 0.37 
4629 0.37 
4630 0.37 
4631 0.37 
4632 0.37 
4633 0.37 
4634 0.37 
4635 0.37 
4636 0.37 
4637 0.37 
4638 0.37 
4639 0.37 
4640 0.37 
4641 0.37 
4642 0.37 
4643 0.37 
4644 0.37 
4645 0.37 
4646 0.37 
4647 0.37 
4648 0.37 
4649 0.37 
4650 0.37 
4651 0.37 
4652 0.37 
4653 0.37 
4654 0.37 
4655 0.37 
4656 0.37 
4657 0.37 
4658 0.37 
4659 0.37 
4660 0.37 
4661 0.37 
4662 0.37 
4663 0.37 
4664 0.37 
4665 0.37 
4666 0.37 
4667 0.37 
4668 0.37 
4669 0.37 
4670 0.37 
4671 0.37 
4672 0.37 
4673 0.37 
4674 0.37 
4675 0.37 
4676 0.37 
4677 0.37 
4678 0.37 
4679 0.36 
4680 0.36 
4681 0.36 
4682 0.36 
4683 0.36 
4684 0.36 
4685 0.36 
4686 0.36 
4687 0.36 
4688 0.36 
4689 0.36 
4690 0.36 
4691 0.36 
4692 0.36 
4693 0.36 
4694 0.36 
4695 0.36 
4696 0.36 
4697 0.36 
4698 0.36 
4699 0.36 
4700 0.36 
4701 0.36 
4702 0.36 
4703 0.36 
4704 0.36 
4705 0.36 
4706 0.36 
4707 0.36 
4708 0.36 
4709 0.36 
4710 0.36 
4711 0.36 
4712 0.36 
4713 0.36 
4714 0.36 
4715 0.36 
4716 0.36 
4717 0.36 
4718 0.36 
4719 0.36 
4720 0.36 
4721 0.36 
4722 0.36 
4723 0.36 
4724 0.36 
4725 0.36 
4726 0.36 
4727 0.36 
4728 0.36 
4729 0.36 
4730 0.36 
4731 0.36 
4732 0.36 
4733 0.36 
4734 0.36 
4735 0.36 
4736 0.36 
4737 0.36 
4738 0.36 
4739 0.36 
4740 0.36 
4741 0.36 
4742 0.36 
4743 0.36 
4744 0.36 
4745 0.36 
4746 0.36 
4747 0.36 
4748 0.36 
4749 0.36 
4750 0.36 
4751 0.36 
4752 0.36 
4753 0.36 
4754 0.36 
4755 0.36 
4756 0.36 
4757 0.36 
4758 0.36 
4759 0.36 
4760 0.36 
4761 0.36 
4762 0.36 
4763 0.36 
4764 0.36 
4765 0.36 
4766 0.36 
4767 0.36 
4768 0.35 
4769 0.35 
4770 0.35 
4771 0.35 
4772 0.35 
4773 0.35 
4774 0.35 
4775 0.35 
4776 0.35 
4777 0.35 
4778 0.35 
4779 0.35 
4780 0.35 
4781 0.35 
4782 0.35 
4783 0.35 
4784 0.35 
4785 0.35 
4786 0.35 
4787 0.35 
4788 0.35 
4789 0.35 
4790 0.35 
4791 0.35 
4792 0.35 
4793 0.35 
4794 0.35 
4795 0.35 
4796 0.35 
4797 0.35 
4798 0.35 
4799 0.35 
4800 0.35 
4801 0.35 
4802 0.35 
4803 0.35 
4804 0.35 
4805 0.35 
4806 0.35 
4807 0.35 
4808 0.35 
4809 0.35 
4810 0.35 
4811 0.35 
4812 0.35 
4813 0.35 
4814 0.35 
4815 0.35 
4816 0.35 
4817 0.35 
4818 0.35 
4819 0.35 
4820 0.35 
4821 0.35 
4822 0.35 
4823 0.35 
4824 0.35 
4825 0.35 
4826 0.35 
4827 0.35 
4828 0.35 
4829 0.35 
4830 0.35 
4831 0.35 
4832 0.35 
4833 0.35 
4834 0.35 
4835 0.35 
4836 0.35 
4837 0.35 
4838 0.35 
4839 0.35 
4840 0.35 
4841 0.35 
4842 0.35 
4843 0.35 
4844 0.35 
4845 0.35 
4846 0.35 
4847 0.35 
4848 0.35 
4849 0.35 
4850 0.35 
4851 0.35 
4852 0.35 
4853 0.35 
4854 0.35 
4855 0.35 
4856 0.35 
4857 0.35 
4858 0.35 
4859 0.35 
4860 0.35 
4861 0.35 
4862 0.35 
4863 0.35 
4864 0.34 
4865 0.34 
4866 0.34 
4867 0.34 
4868 0.34 
4869 0.34 
4870 0.34 
4871 0.34 
4872 0.34 
4873 0.34 
4874 0.34 
4875 0.34 
4876 0.34 
4877 0.34 
4878 0.34 
4879 0.34 
4880 0.34 
4881 0.34 
4882 0.34 
4883 0.34 
4884 0.34 
4885 0.34 
4886 0.34 
4887 0.34 
4888 0.34 
4889 0.34 
4890 0.34 
4891 0.34 
4892 0.34 
4893 0.34 
4894 0.34 
4895 0.34 
4896 0.34 
4897 0.34 
4898 0.34 
4899 0.34 
4900 0.34 
4901 0.34 
4902 0.34 
4903 0.34 
4904 0.34 
4905 0.34 
4906 0.34 
4907 0.34 
4908 0.34 
4909 0.34 
4910 0.34 
4911 0.34 
4912 0.34 
4913 0.34 
4914 0.34 
4915 0.34 
4916 0.34 
4917 0.34 
4918 0.34 
4919 0.34 
4920 0.34 
4921 0.34 
4922 0.34 
4923 0.34 
4924 0.34 
4925 0.34 
4926 0.34 
4927 0.34 
4928 0.34 
4929 0.34 
4930 0.34 
4931 0.34 
4932 0.34 
4933 0.34 
4934 0.34 
4935 0.34 
4936 0.34 
4937 0.34 
4938 0.34 
4939 0.34 
4940 0.34 
4941 0.34 
4942 0.34 
4943 0.34 
4944 0.34 
4945 0.34 
4946 0.34 
4947 0.34 
4948 0.34 
4949 0.34 
4950 0.34 
4951 0.34 
4952 0.34 
4953 0.34 
4954 0.34 
4955 0.34 
4956 0.34 
4957 0.34 
4958 0.34 
4959 0.34 
4960 0.34 
4961 0.34 
4962 0.34 
4963 0.34 
4964 0.34 
4965 0.33 
4966 0.33 
4967 0.33 
4968 0.33 
4969 0.33 
4970 0.33 
4971 0.33 
4972 0.33 
4973 0.33 
4974 0.33 
4975 0.33 
4976 0.33 
4977 0.33 
4978 0.33 
4979 0.33 
4980 0.33 
4981 0.33 
4982 0.33 
4983 0.33 
4984 0.33 
4985 0.33 
4986 0.33 
4987 0.33 
4988 0.33 
4989 0.33 
4990 0.33 
4991 0.33 
4992 0.33 
4993 0.33 
4994 0.33 
4995 0.33 
4996 0.33 
4997 0.33 
4998 0.33 
4999 0.33 
5000 0.33 
5001 0.33 
5002 0.33 
5003 0.33 
5004 0.33 
5005 0.33 
5006 0.33 
5007 0.33 
5008 0.33 
5009 0.33 
5010 0.33 
5011 0.33 
5012 0.33 
5013 0.33 
5014 0.33 
5015 0.33 
5016 0.33 
5017 0.33 
5018 0.33 
5019 0.33 
5020 0.33 
5021 0.33 
5022 0.33 
5023 0.33 
5024 0.33 
5025 0.33 
5026 0.33 
5027 0.33 
5028 0.33 
5029 0.33 
5030 0.33 
5031 0.33 
5032 0.33 
5033 0.33 
5034 0.33 
5035 0.33 
5036 0.33 
5037 0.33 
5038 0.33 
5039 0.33 
5040 0.33 
5041 0.33 
5042 0.33 
5043 0.33 
5044 0.33 
5045 0.33 
5046 0.33 
5047 0.33 
5048 0.33 
5049 0.33 
5050 0.33 
5051 0.33 
5052 0.33 
5053 0.33 
5054 0.33 
5055 0.33 
5056 0.33 
5057 0.33 
5058 0.33 
5059 0.33 
5060 0.33 
5061 0.33 
5062 0.33 
5063 0.33 
5064 0.33 
5065 0.33 
5066 0.33 
5067 0.33 
5068 0.33 
5069 0.33 
5070 0.33 
5071 0.33 
5072 0.33 
5073 0.33 
5074 0.32 
5075 0.32 
5076 0.32 
5077 0.32 
5078 0.32 
5079 0.32 
5080 0.32 
5081 0.32 
5082 0.32 
5083 0.32 
5084 0.32 
5085 0.32 
5086 0.32 
5087 0.32 
5088 0.32 
5089 0.32 
5090 0.32 
5091 0.32 
5092 0.32 
5093 0.32 
5094 0.32 
5095 0.32 
5096 0.32 
5097 0.32 
5098 0.32 
5099 0.32 
5100 0.32 
5101 0.32 
5102 0.32 
5103 0.32 
5104 0.32 
5105 0.32 
5106 0.32 
5107 0.32 
5108 0.32 
5109 0.32 
5110 0.32 
5111 0.32 
5112 0.32 
5113 0.32 
5114 0.32 
5115 0.32 
5116 0.32 
5117 0.32 
5118 0.32 
5119 0.32 
5120 0.32 
5121 0.32 
5122 0.32 
5123 0.32 
5124 0.32 
5125 0.32 
5126 0.32 
5127 0.32 
5128 0.32 
5129 0.32 
5130 0.32 
5131 0.32 
5132 0.32 
5133 0.32 
5134 0.32 
5135 0.32 
5136 0.32 
5137 0.32 
5138 0.32 
5139 0.32 
5140 0.32 
5141 0.32 
5142 0.32 
5143 0.32 
5144 0.32 
