1 0.47 
2 0.59 
3 0.65 
4 0.68 
5 0.68 
6 0.72 
7 0.76 
8 0.78 
9 0.80 
10 0.82 
11 0.83 
12 0.85 
13 0.86 
14 0.87 
15 0.88 
16 0.88 
17 0.89 
18 0.90 
19 0.90 
20 0.91 
21 0.91 
22 0.91 
23 0.92 
24 0.92 
25 0.92 
26 0.92 
27 0.92 
28 0.90 
29 0.90 
30 0.90 
31 0.90 
32 0.91 
33 0.91 
34 0.89 
35 0.89 
36 0.89 
37 0.89 
38 0.89 
39 0.89 
40 0.89 
41 0.89 
42 0.90 
43 0.90 
44 0.90 
45 0.90 
46 0.90 
47 0.90 
48 0.91 
49 0.91 
50 0.91 
51 0.90 
52 0.90 
53 0.89 
54 0.90 
55 0.90 
56 0.90 
57 0.90 
58 0.90 
59 0.90 
60 0.91 
61 0.91 
62 0.91 
63 0.91 
64 0.91 
65 0.91 
66 0.91 
67 0.92 
68 0.92 
69 0.92 
70 0.91 
71 0.91 
72 0.91 
73 0.91 
74 0.92 
75 0.92 
76 0.91 
77 0.91 
78 0.91 
79 0.91 
80 0.91 
81 0.91 
82 0.92 
83 0.92 
84 0.92 
85 0.92 
86 0.92 
87 0.92 
88 0.92 
89 0.92 
90 0.92 
91 0.93 
92 0.93 
93 0.93 
94 0.93 
95 0.93 
96 0.93 
97 0.93 
98 0.93 
99 0.93 
100 0.93 
101 0.93 
102 0.93 
103 0.94 
104 0.94 
105 0.94 
106 0.94 
107 0.94 
108 0.94 
109 0.94 
110 0.94 
111 0.94 
112 0.94 
113 0.94 
114 0.94 
115 0.94 
116 0.94 
117 0.94 
118 0.94 
119 0.94 
120 0.94 
121 0.94 
122 0.94 
123 0.94 
124 0.94 
125 0.94 
126 0.94 
127 0.94 
128 0.94 
129 0.94 
130 0.94 
131 0.94 
132 0.94 
133 0.94 
134 0.94 
135 0.94 
136 0.94 
137 0.94 
138 0.94 
139 0.94 
140 0.94 
141 0.94 
142 0.94 
143 0.94 
144 0.94 
145 0.94 
146 0.94 
147 0.94 
148 0.94 
149 0.94 
150 0.94 
151 0.94 
152 0.94 
153 0.94 
154 0.94 
155 0.94 
156 0.94 
157 0.94 
158 0.94 
159 0.94 
160 0.94 
161 0.94 
162 0.94 
163 0.94 
164 0.94 
165 0.94 
166 0.94 
167 0.94 
168 0.94 
169 0.94 
170 0.94 
171 0.94 
172 0.95 
173 0.95 
174 0.95 
175 0.95 
176 0.95 
177 0.95 
178 0.95 
179 0.95 
180 0.95 
181 0.94 
182 0.94 
183 0.94 
184 0.94 
185 0.94 
186 0.94 
187 0.94 
188 0.94 
189 0.94 
190 0.94 
191 0.94 
192 0.94 
193 0.94 
194 0.94 
195 0.94 
196 0.94 
197 0.94 
198 0.94 
199 0.94 
200 0.94 
201 0.94 
202 0.94 
203 0.94 
204 0.94 
205 0.94 
206 0.94 
207 0.94 
208 0.94 
209 0.94 
210 0.94 
211 0.94 
212 0.94 
213 0.94 
214 0.94 
215 0.94 
216 0.94 
217 0.94 
218 0.94 
219 0.94 
220 0.94 
221 0.94 
222 0.94 
223 0.94 
224 0.94 
225 0.94 
226 0.94 
227 0.94 
228 0.94 
229 0.94 
230 0.94 
231 0.94 
232 0.94 
233 0.94 
234 0.93 
235 0.93 
236 0.93 
237 0.93 
238 0.93 
239 0.93 
240 0.93 
241 0.93 
242 0.93 
243 0.93 
244 0.93 
245 0.93 
246 0.93 
247 0.93 
248 0.93 
249 0.93 
250 0.93 
251 0.93 
252 0.93 
253 0.93 
254 0.93 
255 0.93 
256 0.93 
257 0.93 
258 0.93 
259 0.93 
260 0.93 
261 0.93 
262 0.93 
263 0.93 
264 0.93 
265 0.92 
266 0.92 
267 0.92 
268 0.92 
269 0.92 
270 0.92 
271 0.92 
272 0.92 
273 0.92 
274 0.92 
275 0.92 
276 0.92 
277 0.92 
278 0.92 
279 0.92 
280 0.92 
281 0.92 
282 0.92 
283 0.93 
284 0.93 
285 0.93 
286 0.93 
287 0.93 
288 0.93 
289 0.93 
290 0.93 
291 0.93 
292 0.93 
293 0.93 
294 0.93 
295 0.93 
296 0.93 
297 0.93 
298 0.93 
299 0.93 
300 0.93 
301 0.93 
302 0.93 
303 0.93 
304 0.93 
305 0.93 
306 0.93 
307 0.93 
308 0.93 
309 0.93 
310 0.93 
311 0.93 
312 0.93 
313 0.93 
314 0.93 
315 0.93 
316 0.93 
317 0.93 
318 0.93 
319 0.93 
320 0.93 
321 0.93 
322 0.93 
323 0.93 
324 0.93 
325 0.93 
326 0.93 
327 0.93 
328 0.93 
329 0.93 
330 0.93 
331 0.93 
332 0.93 
333 0.93 
334 0.93 
335 0.93 
336 0.93 
337 0.93 
338 0.93 
339 0.93 
340 0.93 
341 0.93 
342 0.93 
343 0.93 
344 0.93 
345 0.93 
346 0.93 
347 0.93 
348 0.93 
349 0.93 
350 0.93 
351 0.93 
352 0.93 
353 0.94 
354 0.94 
355 0.94 
356 0.94 
357 0.94 
358 0.94 
359 0.94 
360 0.94 
361 0.94 
362 0.94 
363 0.94 
364 0.94 
365 0.94 
366 0.94 
367 0.94 
368 0.94 
369 0.94 
370 0.94 
371 0.94 
372 0.94 
373 0.94 
374 0.94 
375 0.94 
376 0.94 
377 0.94 
378 0.94 
379 0.94 
380 0.94 
381 0.94 
382 0.94 
383 0.94 
384 0.94 
385 0.94 
386 0.94 
387 0.94 
388 0.94 
389 0.94 
390 0.94 
391 0.94 
392 0.94 
393 0.94 
394 0.94 
395 0.94 
396 0.94 
397 0.94 
398 0.94 
399 0.94 
400 0.94 
401 0.94 
402 0.94 
403 0.94 
404 0.94 
405 0.94 
406 0.94 
407 0.94 
408 0.94 
409 0.94 
410 0.94 
411 0.94 
412 0.94 
413 0.94 
414 0.94 
415 0.94 
416 0.94 
417 0.94 
418 0.94 
419 0.94 
420 0.94 
421 0.94 
422 0.94 
423 0.94 
424 0.94 
425 0.94 
426 0.94 
427 0.94 
428 0.94 
429 0.94 
430 0.94 
431 0.94 
432 0.94 
433 0.94 
434 0.94 
435 0.94 
436 0.94 
437 0.94 
438 0.94 
439 0.94 
440 0.94 
441 0.94 
442 0.94 
443 0.94 
444 0.94 
445 0.94 
446 0.94 
447 0.94 
448 0.94 
449 0.94 
450 0.94 
451 0.94 
452 0.94 
453 0.94 
454 0.95 
455 0.95 
456 0.95 
457 0.95 
458 0.95 
459 0.95 
460 0.95 
461 0.95 
462 0.95 
463 0.95 
464 0.95 
465 0.95 
466 0.95 
467 0.95 
468 0.95 
469 0.95 
470 0.95 
471 0.95 
472 0.95 
473 0.95 
474 0.95 
475 0.95 
476 0.95 
477 0.95 
478 0.95 
479 0.95 
480 0.95 
481 0.95 
482 0.95 
483 0.95 
484 0.95 
485 0.95 
486 0.95 
487 0.95 
488 0.95 
489 0.95 
490 0.95 
491 0.95 
492 0.95 
493 0.95 
494 0.95 
495 0.95 
496 0.95 
497 0.95 
498 0.95 
499 0.95 
500 0.95 
501 0.95 
502 0.95 
503 0.95 
504 0.95 
505 0.95 
506 0.95 
507 0.95 
508 0.95 
509 0.95 
510 0.95 
511 0.95 
512 0.95 
513 0.95 
514 0.95 
515 0.95 
516 0.95 
517 0.95 
518 0.95 
519 0.95 
520 0.95 
521 0.95 
522 0.95 
523 0.95 
524 0.95 
525 0.95 
526 0.95 
527 0.95 
528 0.95 
529 0.94 
530 0.94 
531 0.94 
532 0.94 
533 0.94 
534 0.94 
535 0.94 
536 0.94 
537 0.94 
538 0.94 
539 0.94 
540 0.94 
541 0.94 
542 0.94 
543 0.94 
544 0.94 
545 0.94 
546 0.94 
547 0.94 
548 0.94 
549 0.94 
550 0.94 
551 0.94 
552 0.94 
553 0.94 
554 0.94 
555 0.94 
556 0.94 
557 0.94 
558 0.94 
559 0.94 
560 0.94 
561 0.94 
562 0.94 
563 0.94 
564 0.94 
565 0.94 
566 0.94 
567 0.94 
568 0.94 
569 0.94 
570 0.94 
571 0.94 
572 0.94 
573 0.94 
574 0.94 
575 0.94 
576 0.94 
577 0.94 
578 0.94 
579 0.94 
580 0.94 
581 0.94 
582 0.94 
583 0.94 
584 0.94 
585 0.94 
586 0.94 
587 0.94 
588 0.94 
589 0.94 
590 0.94 
591 0.94 
592 0.94 
593 0.94 
594 0.94 
595 0.94 
596 0.94 
597 0.94 
598 0.94 
599 0.94 
600 0.94 
601 0.94 
602 0.94 
603 0.94 
604 0.94 
605 0.94 
606 0.94 
607 0.94 
608 0.94 
609 0.94 
610 0.94 
611 0.93 
612 0.93 
613 0.93 
614 0.93 
615 0.93 
616 0.93 
617 0.93 
618 0.93 
619 0.93 
620 0.93 
621 0.93 
622 0.93 
623 0.93 
624 0.93 
625 0.93 
626 0.93 
627 0.93 
628 0.93 
629 0.93 
630 0.93 
631 0.93 
632 0.93 
633 0.93 
634 0.93 
635 0.93 
636 0.93 
637 0.93 
638 0.93 
639 0.93 
640 0.93 
641 0.93 
642 0.93 
643 0.93 
644 0.93 
645 0.93 
646 0.93 
647 0.93 
648 0.93 
649 0.93 
650 0.93 
651 0.93 
652 0.93 
653 0.93 
654 0.93 
655 0.93 
656 0.93 
657 0.93 
658 0.93 
659 0.93 
660 0.93 
661 0.93 
662 0.93 
663 0.93 
664 0.93 
665 0.93 
666 0.93 
667 0.93 
668 0.93 
669 0.93 
670 0.93 
671 0.92 
672 0.92 
673 0.92 
674 0.92 
675 0.92 
676 0.92 
677 0.92 
678 0.92 
679 0.92 
680 0.92 
681 0.92 
682 0.92 
683 0.92 
684 0.92 
685 0.92 
686 0.92 
687 0.92 
688 0.92 
689 0.92 
690 0.92 
691 0.92 
692 0.92 
693 0.92 
694 0.92 
695 0.92 
696 0.92 
697 0.92 
698 0.92 
699 0.92 
700 0.92 
701 0.92 
702 0.92 
703 0.92 
704 0.92 
705 0.92 
706 0.92 
707 0.92 
708 0.92 
709 0.92 
710 0.92 
711 0.92 
712 0.92 
713 0.92 
714 0.92 
715 0.92 
716 0.92 
717 0.92 
718 0.92 
719 0.92 
720 0.92 
721 0.92 
722 0.92 
723 0.92 
724 0.92 
725 0.92 
726 0.92 
727 0.92 
728 0.92 
729 0.92 
730 0.92 
731 0.92 
732 0.92 
733 0.92 
734 0.93 
735 0.93 
736 0.93 
737 0.93 
738 0.93 
739 0.93 
740 0.93 
741 0.93 
742 0.93 
743 0.93 
744 0.93 
745 0.93 
746 0.93 
747 0.93 
748 0.93 
749 0.93 
750 0.93 
751 0.93 
752 0.93 
753 0.93 
754 0.93 
755 0.93 
756 0.93 
757 0.93 
758 0.93 
759 0.93 
760 0.93 
761 0.93 
762 0.93 
763 0.93 
764 0.93 
765 0.93 
766 0.93 
767 0.93 
768 0.93 
769 0.93 
770 0.93 
771 0.93 
772 0.93 
773 0.93 
774 0.93 
775 0.93 
776 0.93 
777 0.93 
778 0.93 
779 0.93 
780 0.93 
781 0.93 
782 0.93 
783 0.93 
784 0.93 
785 0.93 
786 0.93 
787 0.93 
788 0.93 
789 0.93 
790 0.93 
791 0.93 
792 0.93 
793 0.93 
794 0.93 
795 0.93 
796 0.93 
797 0.93 
798 0.93 
799 0.93 
800 0.93 
801 0.93 
802 0.93 
803 0.93 
804 0.93 
805 0.93 
806 0.93 
807 0.93 
808 0.93 
809 0.93 
810 0.93 
811 0.93 
812 0.93 
813 0.93 
814 0.93 
815 0.93 
816 0.93 
817 0.93 
818 0.93 
819 0.93 
820 0.93 
821 0.93 
822 0.92 
823 0.92 
824 0.92 
825 0.92 
826 0.92 
827 0.92 
828 0.92 
829 0.92 
830 0.92 
831 0.92 
832 0.92 
833 0.92 
834 0.92 
835 0.92 
836 0.92 
837 0.92 
838 0.92 
839 0.92 
840 0.92 
841 0.92 
842 0.92 
843 0.92 
844 0.92 
845 0.92 
846 0.92 
847 0.92 
848 0.92 
849 0.92 
850 0.92 
851 0.92 
852 0.92 
853 0.92 
854 0.92 
855 0.92 
856 0.92 
857 0.92 
858 0.92 
859 0.92 
860 0.92 
861 0.92 
862 0.92 
863 0.92 
864 0.92 
865 0.92 
866 0.92 
867 0.92 
868 0.92 
869 0.92 
870 0.92 
871 0.92 
872 0.92 
873 0.92 
874 0.92 
875 0.92 
876 0.92 
877 0.92 
878 0.92 
879 0.92 
880 0.92 
881 0.92 
882 0.92 
883 0.92 
884 0.92 
885 0.92 
886 0.92 
887 0.92 
888 0.92 
889 0.92 
890 0.92 
891 0.92 
892 0.92 
893 0.92 
894 0.92 
895 0.92 
896 0.92 
897 0.92 
898 0.92 
899 0.92 
900 0.92 
901 0.92 
902 0.92 
903 0.92 
904 0.92 
905 0.92 
906 0.92 
907 0.92 
908 0.92 
909 0.92 
910 0.92 
911 0.92 
912 0.92 
913 0.92 
914 0.92 
915 0.92 
916 0.92 
917 0.92 
918 0.92 
919 0.92 
920 0.92 
921 0.92 
922 0.92 
923 0.92 
924 0.92 
925 0.92 
926 0.92 
927 0.92 
928 0.92 
929 0.92 
930 0.92 
931 0.92 
932 0.92 
933 0.92 
934 0.92 
935 0.92 
936 0.92 
937 0.92 
938 0.92 
939 0.92 
940 0.92 
941 0.92 
942 0.92 
943 0.92 
944 0.92 
945 0.92 
946 0.92 
947 0.92 
948 0.92 
949 0.92 
950 0.92 
951 0.92 
952 0.92 
953 0.92 
954 0.92 
955 0.92 
956 0.92 
957 0.92 
958 0.92 
959 0.92 
960 0.92 
961 0.92 
962 0.92 
963 0.92 
964 0.92 
965 0.92 
966 0.92 
967 0.92 
968 0.92 
969 0.92 
970 0.92 
971 0.92 
972 0.92 
973 0.92 
974 0.92 
975 0.92 
976 0.92 
977 0.92 
978 0.92 
979 0.92 
980 0.92 
981 0.92 
982 0.92 
983 0.92 
984 0.92 
985 0.92 
986 0.92 
987 0.92 
988 0.92 
989 0.92 
990 0.92 
991 0.92 
992 0.92 
993 0.93 
994 0.93 
995 0.93 
996 0.93 
997 0.93 
998 0.93 
999 0.93 
1000 0.93 
1001 0.93 
1002 0.93 
1003 0.93 
1004 0.93 
1005 0.93 
1006 0.93 
1007 0.93 
1008 0.93 
1009 0.93 
1010 0.93 
1011 0.93 
1012 0.93 
1013 0.93 
1014 0.93 
1015 0.93 
1016 0.93 
1017 0.93 
1018 0.93 
1019 0.93 
1020 0.93 
1021 0.93 
1022 0.93 
1023 0.93 
1024 0.93 
1025 0.93 
1026 0.93 
1027 0.93 
1028 0.93 
1029 0.93 
1030 0.93 
1031 0.93 
1032 0.93 
1033 0.93 
1034 0.93 
1035 0.93 
1036 0.93 
1037 0.93 
1038 0.93 
1039 0.93 
1040 0.93 
1041 0.93 
1042 0.93 
1043 0.93 
1044 0.93 
1045 0.93 
1046 0.93 
1047 0.93 
1048 0.93 
1049 0.93 
1050 0.93 
1051 0.93 
1052 0.93 
1053 0.93 
1054 0.93 
1055 0.93 
1056 0.93 
1057 0.93 
1058 0.93 
1059 0.93 
1060 0.93 
1061 0.93 
1062 0.93 
1063 0.93 
1064 0.93 
1065 0.93 
1066 0.93 
1067 0.93 
1068 0.93 
1069 0.93 
1070 0.93 
1071 0.93 
1072 0.93 
1073 0.93 
1074 0.93 
1075 0.93 
1076 0.93 
1077 0.93 
1078 0.93 
1079 0.93 
1080 0.93 
1081 0.93 
1082 0.93 
1083 0.93 
1084 0.93 
1085 0.93 
1086 0.93 
1087 0.93 
1088 0.93 
1089 0.93 
1090 0.93 
1091 0.93 
1092 0.93 
1093 0.93 
1094 0.93 
1095 0.93 
1096 0.93 
1097 0.93 
1098 0.93 
1099 0.93 
1100 0.93 
1101 0.93 
1102 0.93 
1103 0.93 
1104 0.93 
1105 0.93 
1106 0.93 
1107 0.93 
1108 0.93 
1109 0.93 
1110 0.93 
1111 0.93 
1112 0.93 
1113 0.93 
1114 0.93 
1115 0.93 
1116 0.93 
1117 0.93 
1118 0.93 
1119 0.93 
1120 0.93 
1121 0.93 
1122 0.93 
1123 0.93 
1124 0.93 
1125 0.93 
1126 0.93 
1127 0.93 
1128 0.93 
1129 0.93 
1130 0.93 
1131 0.93 
1132 0.93 
1133 0.93 
1134 0.93 
1135 0.93 
1136 0.93 
1137 0.93 
1138 0.93 
1139 0.93 
1140 0.93 
1141 0.93 
1142 0.93 
1143 0.93 
1144 0.93 
1145 0.93 
1146 0.93 
1147 0.93 
1148 0.93 
1149 0.93 
1150 0.93 
1151 0.93 
1152 0.93 
1153 0.93 
1154 0.93 
1155 0.93 
1156 0.93 
1157 0.93 
1158 0.93 
1159 0.93 
1160 0.93 
1161 0.93 
1162 0.93 
1163 0.93 
1164 0.93 
1165 0.93 
1166 0.93 
1167 0.93 
1168 0.93 
1169 0.93 
1170 0.93 
1171 0.93 
1172 0.93 
1173 0.93 
1174 0.93 
1175 0.93 
1176 0.93 
1177 0.93 
1178 0.93 
1179 0.93 
1180 0.93 
1181 0.93 
1182 0.93 
1183 0.93 
1184 0.93 
1185 0.93 
1186 0.93 
1187 0.93 
1188 0.93 
1189 0.93 
1190 0.93 
1191 0.93 
1192 0.93 
1193 0.93 
1194 0.93 
1195 0.93 
1196 0.93 
1197 0.93 
1198 0.93 
1199 0.93 
1200 0.93 
1201 0.93 
1202 0.93 
1203 0.93 
1204 0.93 
1205 0.93 
1206 0.93 
1207 0.93 
1208 0.93 
1209 0.93 
1210 0.93 
1211 0.93 
1212 0.93 
1213 0.93 
1214 0.93 
1215 0.93 
1216 0.93 
1217 0.94 
1218 0.94 
1219 0.94 
1220 0.94 
1221 0.94 
1222 0.94 
1223 0.94 
1224 0.94 
1225 0.94 
1226 0.94 
1227 0.94 
1228 0.94 
1229 0.94 
1230 0.94 
1231 0.94 
1232 0.94 
1233 0.94 
1234 0.94 
1235 0.94 
1236 0.94 
1237 0.94 
1238 0.94 
1239 0.94 
1240 0.94 
1241 0.94 
1242 0.94 
1243 0.94 
1244 0.94 
1245 0.94 
1246 0.94 
1247 0.94 
1248 0.94 
1249 0.94 
1250 0.94 
1251 0.94 
1252 0.94 
1253 0.94 
1254 0.94 
1255 0.94 
1256 0.94 
1257 0.94 
1258 0.94 
1259 0.94 
1260 0.94 
1261 0.94 
1262 0.94 
1263 0.94 
1264 0.94 
1265 0.94 
1266 0.94 
1267 0.94 
1268 0.94 
1269 0.94 
1270 0.94 
1271 0.94 
1272 0.94 
1273 0.94 
1274 0.94 
1275 0.94 
1276 0.94 
1277 0.94 
1278 0.94 
1279 0.94 
1280 0.94 
1281 0.94 
1282 0.94 
1283 0.94 
1284 0.94 
1285 0.94 
1286 0.94 
1287 0.94 
1288 0.94 
1289 0.94 
1290 0.94 
1291 0.94 
1292 0.94 
1293 0.94 
1294 0.94 
1295 0.94 
1296 0.94 
1297 0.94 
1298 0.94 
1299 0.94 
1300 0.94 
1301 0.94 
1302 0.94 
1303 0.94 
1304 0.94 
1305 0.94 
1306 0.94 
1307 0.94 
1308 0.94 
1309 0.94 
1310 0.94 
1311 0.94 
1312 0.94 
1313 0.94 
1314 0.94 
1315 0.94 
1316 0.94 
1317 0.94 
1318 0.94 
1319 0.94 
1320 0.94 
1321 0.94 
1322 0.94 
1323 0.94 
1324 0.94 
1325 0.94 
1326 0.94 
1327 0.94 
1328 0.94 
1329 0.94 
1330 0.94 
1331 0.94 
1332 0.94 
1333 0.94 
1334 0.94 
1335 0.94 
1336 0.94 
1337 0.94 
1338 0.94 
1339 0.94 
1340 0.94 
1341 0.94 
1342 0.94 
1343 0.94 
1344 0.94 
1345 0.94 
1346 0.94 
1347 0.94 
1348 0.94 
1349 0.94 
1350 0.94 
1351 0.94 
1352 0.94 
1353 0.94 
1354 0.94 
1355 0.94 
1356 0.94 
1357 0.94 
1358 0.94 
1359 0.94 
1360 0.94 
1361 0.94 
1362 0.94 
1363 0.94 
1364 0.94 
1365 0.94 
1366 0.94 
1367 0.94 
1368 0.94 
1369 0.94 
1370 0.94 
1371 0.94 
1372 0.94 
1373 0.94 
1374 0.94 
1375 0.94 
1376 0.94 
1377 0.94 
1378 0.94 
1379 0.94 
1380 0.94 
1381 0.94 
1382 0.94 
1383 0.94 
1384 0.94 
1385 0.94 
1386 0.94 
1387 0.94 
1388 0.94 
1389 0.94 
1390 0.94 
1391 0.94 
1392 0.94 
1393 0.94 
1394 0.94 
1395 0.94 
1396 0.94 
1397 0.94 
1398 0.94 
1399 0.94 
1400 0.94 
1401 0.94 
1402 0.94 
1403 0.94 
1404 0.94 
1405 0.94 
1406 0.94 
1407 0.94 
1408 0.94 
1409 0.94 
1410 0.94 
1411 0.94 
1412 0.94 
1413 0.94 
1414 0.94 
1415 0.94 
1416 0.94 
1417 0.94 
1418 0.94 
1419 0.94 
1420 0.94 
1421 0.94 
1422 0.94 
1423 0.94 
1424 0.94 
1425 0.94 
1426 0.94 
1427 0.94 
1428 0.94 
1429 0.94 
1430 0.94 
1431 0.94 
1432 0.94 
1433 0.94 
1434 0.94 
1435 0.94 
1436 0.94 
1437 0.94 
1438 0.94 
1439 0.94 
1440 0.94 
1441 0.94 
1442 0.94 
1443 0.94 
1444 0.94 
1445 0.94 
1446 0.94 
1447 0.94 
1448 0.94 
1449 0.94 
1450 0.94 
1451 0.94 
1452 0.94 
1453 0.94 
1454 0.94 
1455 0.94 
1456 0.94 
1457 0.94 
1458 0.94 
1459 0.94 
1460 0.94 
1461 0.94 
1462 0.94 
1463 0.94 
1464 0.94 
1465 0.94 
1466 0.94 
1467 0.94 
1468 0.94 
1469 0.94 
1470 0.94 
1471 0.94 
1472 0.94 
1473 0.94 
1474 0.94 
1475 0.94 
1476 0.94 
1477 0.94 
1478 0.94 
1479 0.94 
1480 0.94 
1481 0.94 
1482 0.94 
1483 0.94 
1484 0.94 
1485 0.94 
1486 0.94 
1487 0.94 
1488 0.94 
1489 0.94 
1490 0.94 
1491 0.94 
1492 0.94 
1493 0.94 
1494 0.94 
1495 0.94 
1496 0.94 
1497 0.94 
1498 0.94 
1499 0.94 
1500 0.94 
1501 0.94 
1502 0.94 
1503 0.94 
1504 0.94 
1505 0.94 
1506 0.94 
1507 0.94 
1508 0.94 
1509 0.94 
1510 0.94 
1511 0.94 
1512 0.94 
1513 0.94 
1514 0.94 
1515 0.94 
1516 0.94 
1517 0.94 
1518 0.94 
1519 0.94 
1520 0.94 
1521 0.94 
1522 0.94 
1523 0.94 
1524 0.94 
1525 0.94 
1526 0.94 
1527 0.94 
1528 0.94 
1529 0.94 
1530 0.94 
1531 0.94 
1532 0.94 
1533 0.94 
1534 0.94 
1535 0.94 
1536 0.94 
1537 0.94 
1538 0.94 
1539 0.94 
1540 0.94 
1541 0.94 
1542 0.94 
1543 0.94 
1544 0.94 
1545 0.94 
1546 0.94 
1547 0.94 
1548 0.94 
1549 0.94 
1550 0.94 
1551 0.94 
1552 0.94 
1553 0.94 
1554 0.94 
1555 0.94 
1556 0.94 
1557 0.94 
1558 0.94 
1559 0.94 
1560 0.94 
1561 0.94 
1562 0.94 
1563 0.94 
1564 0.94 
1565 0.94 
1566 0.94 
1567 0.94 
1568 0.94 
1569 0.94 
1570 0.94 
1571 0.94 
1572 0.94 
1573 0.94 
1574 0.94 
1575 0.94 
1576 0.94 
1577 0.94 
1578 0.94 
1579 0.94 
1580 0.94 
1581 0.94 
1582 0.94 
1583 0.94 
1584 0.94 
1585 0.94 
1586 0.94 
1587 0.94 
1588 0.94 
1589 0.94 
1590 0.94 
1591 0.94 
1592 0.94 
1593 0.94 
1594 0.94 
1595 0.94 
1596 0.94 
1597 0.94 
1598 0.94 
1599 0.94 
1600 0.94 
1601 0.94 
1602 0.94 
1603 0.94 
1604 0.94 
1605 0.94 
1606 0.94 
1607 0.94 
1608 0.94 
1609 0.94 
1610 0.94 
1611 0.94 
1612 0.94 
1613 0.94 
1614 0.94 
1615 0.94 
1616 0.94 
1617 0.94 
1618 0.94 
1619 0.94 
1620 0.94 
1621 0.94 
1622 0.94 
1623 0.94 
1624 0.94 
1625 0.94 
1626 0.94 
1627 0.94 
1628 0.94 
1629 0.94 
1630 0.94 
1631 0.94 
1632 0.94 
1633 0.94 
1634 0.94 
1635 0.94 
1636 0.94 
1637 0.94 
1638 0.94 
1639 0.94 
1640 0.94 
1641 0.94 
1642 0.94 
1643 0.94 
1644 0.94 
1645 0.94 
1646 0.94 
1647 0.94 
1648 0.94 
1649 0.94 
1650 0.94 
1651 0.94 
1652 0.94 
1653 0.94 
1654 0.94 
1655 0.94 
1656 0.94 
1657 0.94 
1658 0.94 
1659 0.94 
1660 0.94 
1661 0.94 
1662 0.94 
1663 0.94 
1664 0.94 
1665 0.94 
1666 0.94 
1667 0.94 
1668 0.94 
1669 0.94 
1670 0.94 
1671 0.94 
1672 0.94 
1673 0.94 
1674 0.94 
1675 0.94 
1676 0.94 
1677 0.94 
1678 0.94 
1679 0.94 
1680 0.94 
1681 0.94 
1682 0.94 
1683 0.94 
1684 0.94 
1685 0.94 
1686 0.94 
1687 0.94 
1688 0.94 
1689 0.94 
1690 0.94 
1691 0.94 
1692 0.94 
1693 0.94 
1694 0.94 
1695 0.94 
1696 0.94 
1697 0.94 
1698 0.94 
1699 0.94 
1700 0.94 
1701 0.94 
1702 0.94 
1703 0.94 
1704 0.94 
1705 0.94 
1706 0.94 
1707 0.94 
1708 0.94 
1709 0.94 
1710 0.94 
1711 0.94 
1712 0.94 
1713 0.94 
1714 0.94 
1715 0.94 
1716 0.94 
1717 0.94 
1718 0.94 
1719 0.94 
1720 0.94 
1721 0.94 
1722 0.94 
1723 0.94 
1724 0.94 
1725 0.94 
1726 0.94 
1727 0.94 
1728 0.94 
1729 0.94 
1730 0.94 
1731 0.94 
1732 0.94 
1733 0.94 
1734 0.94 
1735 0.94 
1736 0.94 
1737 0.94 
1738 0.94 
1739 0.94 
1740 0.94 
1741 0.94 
1742 0.94 
1743 0.94 
1744 0.94 
1745 0.94 
1746 0.94 
1747 0.94 
1748 0.94 
1749 0.94 
1750 0.94 
1751 0.94 
1752 0.94 
1753 0.94 
1754 0.94 
1755 0.94 
1756 0.94 
1757 0.94 
1758 0.94 
1759 0.94 
1760 0.94 
1761 0.94 
1762 0.94 
1763 0.94 
1764 0.94 
1765 0.94 
1766 0.94 
1767 0.94 
1768 0.94 
1769 0.94 
1770 0.94 
1771 0.94 
1772 0.94 
1773 0.94 
1774 0.94 
1775 0.94 
1776 0.94 
1777 0.94 
1778 0.94 
1779 0.94 
1780 0.94 
1781 0.94 
1782 0.94 
1783 0.94 
1784 0.94 
1785 0.94 
1786 0.94 
1787 0.94 
1788 0.94 
1789 0.94 
1790 0.94 
1791 0.94 
1792 0.94 
1793 0.94 
1794 0.94 
1795 0.94 
1796 0.94 
1797 0.94 
1798 0.94 
1799 0.94 
1800 0.94 
1801 0.94 
1802 0.94 
1803 0.94 
1804 0.94 
1805 0.94 
1806 0.94 
1807 0.94 
1808 0.94 
1809 0.94 
1810 0.94 
1811 0.94 
1812 0.94 
1813 0.94 
1814 0.94 
1815 0.94 
1816 0.94 
1817 0.94 
1818 0.94 
1819 0.94 
1820 0.94 
1821 0.94 
1822 0.94 
1823 0.94 
1824 0.94 
1825 0.94 
1826 0.94 
1827 0.94 
1828 0.94 
1829 0.94 
1830 0.94 
1831 0.94 
1832 0.94 
1833 0.94 
1834 0.94 
1835 0.94 
1836 0.94 
1837 0.94 
1838 0.94 
1839 0.94 
1840 0.94 
1841 0.94 
1842 0.94 
1843 0.94 
1844 0.94 
1845 0.94 
1846 0.94 
1847 0.94 
1848 0.94 
1849 0.94 
1850 0.94 
1851 0.94 
1852 0.94 
1853 0.94 
1854 0.94 
1855 0.94 
1856 0.94 
1857 0.94 
1858 0.94 
1859 0.94 
1860 0.94 
1861 0.94 
1862 0.94 
1863 0.94 
1864 0.94 
1865 0.94 
1866 0.94 
1867 0.94 
1868 0.94 
1869 0.94 
1870 0.94 
1871 0.94 
1872 0.94 
1873 0.94 
1874 0.94 
1875 0.94 
1876 0.94 
1877 0.94 
1878 0.94 
1879 0.94 
1880 0.94 
1881 0.94 
1882 0.94 
1883 0.94 
1884 0.94 
1885 0.94 
1886 0.94 
1887 0.94 
1888 0.94 
1889 0.94 
1890 0.94 
1891 0.94 
1892 0.94 
1893 0.94 
1894 0.94 
1895 0.94 
1896 0.94 
1897 0.94 
1898 0.94 
1899 0.94 
1900 0.94 
1901 0.94 
1902 0.94 
1903 0.94 
1904 0.94 
1905 0.94 
1906 0.94 
1907 0.94 
1908 0.94 
1909 0.94 
1910 0.94 
1911 0.94 
1912 0.94 
1913 0.94 
1914 0.94 
1915 0.94 
1916 0.94 
1917 0.94 
1918 0.94 
1919 0.94 
1920 0.94 
1921 0.94 
1922 0.94 
1923 0.94 
1924 0.94 
1925 0.94 
1926 0.94 
1927 0.94 
1928 0.94 
1929 0.94 
1930 0.94 
1931 0.94 
1932 0.94 
1933 0.94 
1934 0.94 
1935 0.94 
1936 0.94 
1937 0.94 
1938 0.94 
1939 0.94 
1940 0.94 
1941 0.94 
1942 0.94 
1943 0.94 
1944 0.94 
1945 0.94 
1946 0.94 
1947 0.94 
1948 0.94 
1949 0.94 
1950 0.94 
1951 0.94 
1952 0.94 
1953 0.94 
1954 0.94 
1955 0.94 
1956 0.94 
1957 0.94 
1958 0.94 
1959 0.94 
1960 0.94 
1961 0.94 
1962 0.94 
1963 0.94 
1964 0.94 
1965 0.94 
1966 0.94 
1967 0.94 
1968 0.94 
1969 0.94 
1970 0.94 
1971 0.94 
1972 0.94 
1973 0.94 
1974 0.94 
1975 0.94 
1976 0.94 
1977 0.94 
1978 0.94 
1979 0.94 
1980 0.94 
1981 0.94 
1982 0.94 
1983 0.94 
1984 0.94 
1985 0.94 
1986 0.94 
1987 0.94 
1988 0.94 
1989 0.94 
1990 0.94 
1991 0.94 
1992 0.94 
1993 0.94 
1994 0.94 
1995 0.94 
1996 0.94 
1997 0.94 
1998 0.94 
1999 0.94 
2000 0.94 
2001 0.94 
2002 0.94 
2003 0.94 
2004 0.95 
2005 0.95 
2006 0.95 
2007 0.95 
2008 0.95 
2009 0.95 
2010 0.95 
2011 0.95 
2012 0.95 
2013 0.95 
2014 0.95 
2015 0.95 
2016 0.95 
2017 0.95 
2018 0.95 
2019 0.95 
2020 0.95 
2021 0.95 
2022 0.95 
2023 0.95 
2024 0.95 
2025 0.95 
2026 0.95 
2027 0.95 
2028 0.95 
2029 0.95 
2030 0.94 
2031 0.94 
2032 0.94 
2033 0.94 
2034 0.94 
2035 0.94 
2036 0.94 
2037 0.94 
2038 0.94 
2039 0.94 
2040 0.94 
2041 0.94 
2042 0.94 
2043 0.94 
2044 0.94 
2045 0.94 
2046 0.94 
2047 0.94 
2048 0.94 
2049 0.94 
2050 0.94 
2051 0.94 
2052 0.94 
2053 0.94 
2054 0.94 
2055 0.94 
2056 0.94 
2057 0.94 
2058 0.94 
2059 0.94 
2060 0.94 
2061 0.94 
2062 0.94 
2063 0.94 
2064 0.94 
2065 0.94 
2066 0.94 
2067 0.94 
2068 0.94 
2069 0.94 
2070 0.94 
2071 0.94 
2072 0.94 
2073 0.94 
2074 0.94 
2075 0.94 
2076 0.94 
2077 0.94 
2078 0.94 
2079 0.94 
2080 0.94 
2081 0.94 
2082 0.94 
2083 0.94 
2084 0.94 
2085 0.94 
2086 0.94 
2087 0.94 
2088 0.94 
2089 0.94 
2090 0.94 
2091 0.94 
2092 0.94 
2093 0.94 
2094 0.94 
2095 0.94 
2096 0.94 
2097 0.94 
2098 0.94 
2099 0.94 
2100 0.94 
2101 0.94 
2102 0.94 
2103 0.94 
2104 0.94 
2105 0.94 
2106 0.94 
2107 0.94 
2108 0.94 
2109 0.94 
2110 0.94 
2111 0.94 
2112 0.94 
2113 0.94 
2114 0.94 
2115 0.94 
2116 0.94 
2117 0.94 
2118 0.94 
2119 0.94 
2120 0.94 
2121 0.94 
2122 0.94 
2123 0.94 
2124 0.94 
2125 0.94 
2126 0.94 
2127 0.94 
2128 0.94 
2129 0.94 
2130 0.94 
2131 0.94 
2132 0.94 
2133 0.94 
2134 0.94 
2135 0.94 
2136 0.94 
2137 0.94 
2138 0.94 
2139 0.94 
2140 0.94 
2141 0.94 
2142 0.94 
2143 0.94 
2144 0.94 
2145 0.94 
2146 0.94 
2147 0.94 
2148 0.94 
2149 0.94 
2150 0.94 
2151 0.94 
2152 0.94 
2153 0.94 
2154 0.94 
2155 0.94 
2156 0.94 
2157 0.94 
2158 0.94 
2159 0.94 
2160 0.94 
2161 0.94 
2162 0.94 
2163 0.94 
2164 0.94 
2165 0.94 
2166 0.94 
2167 0.94 
2168 0.94 
2169 0.94 
2170 0.94 
2171 0.94 
2172 0.94 
2173 0.94 
2174 0.94 
2175 0.94 
2176 0.94 
2177 0.94 
2178 0.94 
2179 0.94 
2180 0.94 
2181 0.94 
2182 0.94 
2183 0.94 
2184 0.94 
2185 0.94 
2186 0.94 
2187 0.94 
2188 0.94 
2189 0.94 
2190 0.94 
2191 0.94 
2192 0.94 
2193 0.94 
2194 0.94 
2195 0.94 
2196 0.94 
2197 0.94 
2198 0.94 
2199 0.94 
2200 0.94 
2201 0.94 
2202 0.94 
2203 0.94 
2204 0.94 
2205 0.94 
2206 0.94 
2207 0.94 
2208 0.94 
2209 0.94 
2210 0.94 
2211 0.94 
2212 0.94 
2213 0.94 
2214 0.94 
2215 0.94 
2216 0.94 
2217 0.94 
2218 0.94 
2219 0.94 
2220 0.94 
2221 0.94 
2222 0.94 
2223 0.94 
2224 0.94 
2225 0.94 
2226 0.94 
2227 0.94 
2228 0.94 
2229 0.94 
2230 0.94 
2231 0.94 
2232 0.94 
2233 0.94 
2234 0.94 
2235 0.94 
2236 0.94 
2237 0.94 
2238 0.94 
2239 0.94 
2240 0.94 
2241 0.94 
2242 0.94 
2243 0.94 
2244 0.94 
2245 0.94 
2246 0.94 
2247 0.94 
2248 0.94 
2249 0.94 
2250 0.94 
2251 0.94 
2252 0.94 
2253 0.94 
2254 0.94 
2255 0.94 
2256 0.94 
2257 0.94 
2258 0.94 
2259 0.94 
2260 0.94 
2261 0.94 
2262 0.94 
2263 0.94 
2264 0.94 
2265 0.94 
2266 0.94 
2267 0.94 
2268 0.94 
2269 0.94 
2270 0.94 
2271 0.94 
2272 0.94 
2273 0.94 
2274 0.94 
2275 0.94 
2276 0.94 
2277 0.94 
2278 0.94 
2279 0.94 
2280 0.94 
2281 0.94 
2282 0.94 
2283 0.94 
2284 0.94 
2285 0.94 
2286 0.94 
2287 0.94 
2288 0.94 
2289 0.94 
2290 0.94 
2291 0.94 
2292 0.94 
2293 0.94 
2294 0.94 
2295 0.94 
2296 0.94 
2297 0.94 
2298 0.94 
2299 0.94 
2300 0.94 
2301 0.94 
2302 0.94 
2303 0.94 
2304 0.94 
2305 0.95 
2306 0.95 
2307 0.95 
2308 0.95 
2309 0.95 
2310 0.95 
2311 0.95 
2312 0.95 
2313 0.95 
2314 0.95 
2315 0.95 
2316 0.95 
2317 0.95 
2318 0.95 
2319 0.95 
2320 0.95 
2321 0.95 
2322 0.95 
2323 0.95 
2324 0.95 
2325 0.95 
2326 0.95 
2327 0.95 
2328 0.95 
2329 0.95 
2330 0.95 
2331 0.95 
2332 0.95 
2333 0.95 
2334 0.95 
2335 0.95 
2336 0.95 
2337 0.95 
2338 0.95 
2339 0.95 
2340 0.95 
2341 0.95 
2342 0.95 
2343 0.95 
2344 0.95 
2345 0.95 
2346 0.95 
2347 0.95 
2348 0.95 
2349 0.95 
2350 0.95 
2351 0.95 
2352 0.95 
2353 0.95 
2354 0.95 
2355 0.95 
2356 0.95 
2357 0.95 
2358 0.95 
2359 0.95 
2360 0.95 
2361 0.95 
2362 0.95 
2363 0.95 
2364 0.95 
2365 0.95 
2366 0.95 
2367 0.95 
2368 0.95 
2369 0.95 
2370 0.95 
2371 0.95 
2372 0.95 
2373 0.95 
2374 0.95 
2375 0.95 
2376 0.95 
2377 0.95 
2378 0.95 
2379 0.95 
2380 0.95 
2381 0.95 
2382 0.95 
2383 0.95 
2384 0.95 
2385 0.95 
2386 0.95 
2387 0.95 
2388 0.95 
2389 0.95 
2390 0.95 
2391 0.95 
2392 0.95 
2393 0.95 
2394 0.95 
2395 0.95 
2396 0.95 
2397 0.95 
2398 0.95 
2399 0.95 
2400 0.95 
2401 0.95 
2402 0.95 
2403 0.95 
2404 0.95 
2405 0.95 
2406 0.95 
2407 0.95 
2408 0.95 
2409 0.95 
2410 0.95 
2411 0.95 
2412 0.95 
2413 0.95 
2414 0.95 
2415 0.95 
2416 0.95 
2417 0.95 
2418 0.95 
2419 0.95 
2420 0.95 
2421 0.95 
2422 0.95 
2423 0.95 
2424 0.95 
2425 0.95 
2426 0.95 
2427 0.95 
2428 0.95 
2429 0.95 
2430 0.95 
2431 0.95 
2432 0.95 
2433 0.95 
2434 0.95 
2435 0.95 
2436 0.95 
2437 0.95 
2438 0.95 
2439 0.95 
2440 0.95 
2441 0.95 
2442 0.95 
2443 0.95 
2444 0.95 
2445 0.95 
2446 0.95 
2447 0.95 
2448 0.95 
2449 0.95 
2450 0.95 
2451 0.95 
2452 0.95 
2453 0.95 
2454 0.95 
2455 0.95 
2456 0.95 
2457 0.95 
2458 0.95 
2459 0.95 
2460 0.95 
2461 0.95 
2462 0.95 
2463 0.95 
2464 0.95 
2465 0.95 
2466 0.95 
2467 0.95 
2468 0.95 
2469 0.95 
2470 0.95 
2471 0.95 
2472 0.95 
2473 0.95 
2474 0.95 
2475 0.95 
2476 0.95 
2477 0.95 
2478 0.95 
2479 0.95 
2480 0.95 
2481 0.95 
2482 0.95 
2483 0.95 
2484 0.95 
2485 0.95 
2486 0.95 
2487 0.95 
2488 0.95 
2489 0.95 
2490 0.95 
2491 0.95 
2492 0.95 
2493 0.95 
2494 0.95 
2495 0.95 
2496 0.95 
2497 0.95 
2498 0.95 
2499 0.95 
2500 0.95 
2501 0.95 
2502 0.95 
2503 0.95 
2504 0.95 
2505 0.95 
2506 0.95 
2507 0.95 
2508 0.95 
2509 0.95 
2510 0.95 
2511 0.95 
2512 0.95 
2513 0.95 
2514 0.95 
2515 0.95 
2516 0.95 
2517 0.95 
2518 0.95 
2519 0.95 
2520 0.95 
2521 0.95 
2522 0.95 
2523 0.95 
2524 0.95 
2525 0.95 
2526 0.95 
2527 0.95 
2528 0.95 
2529 0.95 
2530 0.95 
2531 0.95 
2532 0.95 
2533 0.95 
2534 0.95 
2535 0.95 
2536 0.95 
2537 0.95 
2538 0.95 
2539 0.95 
2540 0.95 
2541 0.95 
2542 0.95 
2543 0.95 
2544 0.95 
2545 0.95 
2546 0.95 
2547 0.95 
2548 0.95 
2549 0.95 
2550 0.95 
2551 0.95 
2552 0.95 
2553 0.95 
2554 0.95 
2555 0.95 
2556 0.95 
2557 0.95 
2558 0.95 
2559 0.95 
2560 0.95 
2561 0.95 
2562 0.95 
2563 0.95 
2564 0.95 
2565 0.95 
2566 0.95 
2567 0.95 
2568 0.95 
2569 0.95 
2570 0.95 
2571 0.95 
2572 0.95 
2573 0.95 
2574 0.95 
2575 0.95 
2576 0.95 
2577 0.95 
2578 0.95 
2579 0.95 
2580 0.95 
2581 0.95 
2582 0.95 
2583 0.95 
2584 0.95 
2585 0.95 
2586 0.95 
2587 0.95 
2588 0.95 
2589 0.95 
2590 0.95 
2591 0.95 
2592 0.95 
2593 0.95 
2594 0.95 
2595 0.95 
2596 0.95 
2597 0.95 
2598 0.95 
2599 0.95 
2600 0.95 
2601 0.95 
2602 0.95 
2603 0.95 
2604 0.95 
2605 0.95 
2606 0.95 
2607 0.95 
2608 0.95 
2609 0.95 
2610 0.95 
2611 0.95 
2612 0.95 
2613 0.95 
2614 0.95 
2615 0.95 
2616 0.95 
2617 0.95 
2618 0.95 
2619 0.95 
2620 0.95 
2621 0.95 
2622 0.95 
2623 0.95 
2624 0.95 
2625 0.95 
2626 0.95 
2627 0.95 
2628 0.95 
2629 0.95 
2630 0.95 
2631 0.95 
2632 0.95 
2633 0.95 
2634 0.95 
2635 0.95 
2636 0.95 
2637 0.95 
2638 0.95 
2639 0.95 
2640 0.95 
2641 0.95 
2642 0.95 
2643 0.95 
2644 0.95 
2645 0.95 
2646 0.95 
2647 0.95 
2648 0.95 
2649 0.95 
2650 0.95 
2651 0.95 
2652 0.95 
2653 0.95 
2654 0.95 
2655 0.95 
2656 0.95 
2657 0.95 
2658 0.95 
2659 0.95 
2660 0.95 
2661 0.95 
2662 0.95 
2663 0.95 
2664 0.95 
2665 0.95 
2666 0.95 
2667 0.95 
2668 0.95 
2669 0.95 
2670 0.95 
2671 0.95 
2672 0.95 
2673 0.95 
2674 0.95 
2675 0.95 
2676 0.95 
2677 0.95 
2678 0.95 
2679 0.95 
2680 0.95 
2681 0.95 
2682 0.95 
2683 0.95 
2684 0.95 
2685 0.95 
2686 0.95 
2687 0.95 
2688 0.95 
2689 0.95 
2690 0.95 
2691 0.95 
2692 0.95 
2693 0.95 
2694 0.95 
2695 0.95 
2696 0.95 
2697 0.95 
2698 0.95 
2699 0.95 
2700 0.95 
2701 0.95 
2702 0.95 
2703 0.95 
