1 0.47 
2 0.59 
3 0.65 
4 0.68 
5 0.68 
6 0.72 
7 0.76 
8 0.78 
9 0.80 
10 0.82 
11 0.83 
12 0.85 
13 0.86 
14 0.87 
15 0.88 
16 0.88 
17 0.89 
18 0.90 
19 0.90 
20 0.91 
21 0.91 
22 0.91 
23 0.92 
24 0.92 
25 0.92 
26 0.92 
27 0.92 
28 0.90 
29 0.90 
30 0.90 
31 0.90 
32 0.91 
33 0.91 
34 0.89 
35 0.89 
36 0.89 
37 0.89 
38 0.89 
39 0.89 
40 0.89 
41 0.89 
42 0.90 
43 0.90 
44 0.90 
45 0.90 
46 0.90 
47 0.90 
48 0.91 
49 0.91 
50 0.91 
51 0.90 
52 0.90 
53 0.89 
54 0.90 
55 0.90 
56 0.90 
57 0.90 
58 0.90 
59 0.90 
60 0.91 
61 0.91 
62 0.91 
63 0.91 
64 0.91 
65 0.91 
66 0.91 
67 0.92 
68 0.92 
69 0.92 
70 0.91 
71 0.91 
72 0.91 
73 0.91 
74 0.92 
75 0.92 
76 0.91 
77 0.91 
78 0.91 
79 0.91 
80 0.91 
81 0.91 
82 0.92 
83 0.92 
84 0.92 
85 0.92 
86 0.92 
87 0.92 
88 0.92 
89 0.92 
90 0.92 
91 0.93 
92 0.93 
93 0.93 
94 0.93 
95 0.93 
96 0.93 
97 0.93 
98 0.93 
99 0.93 
100 0.93 
101 0.93 
102 0.93 
103 0.94 
104 0.94 
105 0.94 
106 0.94 
107 0.94 
108 0.94 
109 0.94 
110 0.94 
111 0.94 
112 0.94 
113 0.94 
114 0.94 
115 0.94 
116 0.94 
117 0.94 
118 0.94 
119 0.94 
120 0.94 
121 0.94 
122 0.94 
123 0.94 
124 0.94 
125 0.94 
126 0.94 
127 0.94 
128 0.94 
129 0.94 
130 0.94 
131 0.94 
132 0.94 
133 0.94 
134 0.94 
135 0.94 
136 0.94 
137 0.94 
138 0.94 
139 0.94 
140 0.94 
141 0.94 
142 0.94 
143 0.94 
144 0.94 
145 0.94 
146 0.94 
147 0.94 
148 0.94 
149 0.94 
150 0.94 
151 0.94 
152 0.94 
153 0.94 
154 0.94 
155 0.94 
156 0.94 
157 0.94 
158 0.94 
159 0.94 
160 0.94 
161 0.94 
162 0.94 
163 0.94 
164 0.94 
165 0.94 
166 0.94 
167 0.94 
168 0.94 
169 0.94 
170 0.94 
171 0.94 
172 0.95 
173 0.95 
174 0.95 
175 0.95 
176 0.95 
177 0.95 
178 0.95 
179 0.95 
180 0.95 
181 0.94 
182 0.94 
183 0.94 
184 0.94 
185 0.94 
186 0.94 
187 0.94 
188 0.94 
189 0.94 
190 0.94 
191 0.94 
192 0.94 
193 0.94 
194 0.94 
195 0.94 
196 0.94 
197 0.94 
198 0.94 
199 0.94 
200 0.94 
201 0.94 
202 0.94 
203 0.94 
204 0.94 
205 0.94 
206 0.94 
207 0.94 
208 0.94 
209 0.94 
210 0.94 
211 0.94 
212 0.94 
213 0.94 
214 0.94 
215 0.94 
216 0.94 
217 0.94 
218 0.94 
219 0.94 
220 0.94 
221 0.94 
222 0.94 
223 0.94 
224 0.94 
225 0.94 
226 0.94 
227 0.94 
228 0.94 
229 0.94 
230 0.94 
231 0.94 
232 0.94 
233 0.94 
234 0.93 
235 0.93 
236 0.93 
237 0.93 
238 0.93 
239 0.93 
240 0.93 
241 0.93 
242 0.93 
243 0.93 
244 0.93 
245 0.93 
246 0.93 
247 0.93 
248 0.93 
249 0.93 
250 0.93 
251 0.93 
252 0.93 
253 0.93 
254 0.93 
255 0.93 
256 0.93 
257 0.93 
258 0.93 
259 0.93 
260 0.93 
261 0.93 
262 0.93 
263 0.93 
264 0.93 
265 0.92 
266 0.92 
267 0.92 
268 0.92 
269 0.92 
270 0.92 
271 0.92 
272 0.92 
273 0.92 
274 0.92 
275 0.92 
276 0.92 
277 0.92 
278 0.92 
279 0.92 
280 0.92 
281 0.92 
282 0.92 
283 0.93 
284 0.93 
285 0.93 
286 0.93 
287 0.93 
288 0.93 
289 0.93 
290 0.93 
291 0.93 
292 0.93 
293 0.93 
294 0.93 
295 0.93 
296 0.93 
297 0.93 
298 0.93 
299 0.93 
300 0.93 
301 0.93 
302 0.93 
303 0.93 
304 0.93 
305 0.93 
306 0.93 
307 0.93 
308 0.93 
309 0.93 
310 0.93 
311 0.93 
312 0.93 
313 0.93 
314 0.93 
315 0.93 
316 0.93 
317 0.93 
318 0.93 
319 0.93 
320 0.93 
321 0.93 
322 0.93 
323 0.93 
324 0.93 
325 0.93 
326 0.93 
327 0.93 
328 0.93 
329 0.93 
330 0.93 
331 0.93 
332 0.93 
333 0.93 
334 0.93 
335 0.93 
336 0.93 
337 0.93 
338 0.93 
339 0.93 
340 0.93 
341 0.93 
342 0.93 
343 0.93 
344 0.93 
345 0.93 
346 0.93 
347 0.93 
348 0.93 
349 0.93 
350 0.93 
351 0.93 
352 0.93 
353 0.94 
354 0.94 
355 0.94 
356 0.94 
357 0.94 
358 0.94 
359 0.94 
360 0.94 
361 0.94 
362 0.94 
363 0.94 
364 0.94 
365 0.94 
366 0.94 
367 0.94 
368 0.94 
369 0.94 
370 0.94 
371 0.94 
372 0.94 
373 0.94 
374 0.94 
375 0.94 
376 0.94 
377 0.94 
378 0.94 
379 0.94 
380 0.94 
381 0.94 
382 0.94 
383 0.94 
384 0.94 
385 0.94 
386 0.94 
387 0.94 
388 0.94 
389 0.94 
390 0.94 
391 0.94 
392 0.94 
393 0.94 
394 0.94 
395 0.94 
396 0.94 
397 0.94 
398 0.94 
399 0.94 
400 0.94 
401 0.94 
402 0.94 
403 0.94 
404 0.94 
405 0.94 
406 0.94 
407 0.94 
408 0.94 
409 0.94 
410 0.94 
411 0.94 
412 0.94 
413 0.94 
414 0.94 
415 0.94 
416 0.94 
417 0.94 
418 0.94 
419 0.94 
420 0.94 
421 0.94 
422 0.94 
423 0.94 
424 0.94 
425 0.94 
426 0.94 
427 0.94 
428 0.94 
429 0.94 
430 0.94 
431 0.94 
432 0.94 
433 0.94 
434 0.94 
435 0.94 
436 0.94 
437 0.94 
438 0.94 
439 0.94 
440 0.94 
441 0.94 
442 0.94 
443 0.94 
444 0.94 
445 0.94 
446 0.94 
447 0.94 
448 0.94 
449 0.94 
450 0.94 
451 0.94 
452 0.94 
453 0.94 
454 0.95 
455 0.95 
456 0.95 
457 0.95 
458 0.95 
459 0.95 
460 0.95 
461 0.95 
462 0.95 
463 0.95 
464 0.95 
465 0.95 
466 0.95 
467 0.95 
468 0.95 
469 0.95 
470 0.95 
471 0.95 
472 0.95 
473 0.95 
474 0.95 
475 0.95 
476 0.95 
477 0.95 
478 0.95 
479 0.95 
480 0.95 
481 0.95 
482 0.95 
483 0.95 
484 0.95 
485 0.95 
486 0.95 
487 0.95 
488 0.95 
489 0.95 
490 0.95 
491 0.95 
492 0.95 
493 0.95 
494 0.95 
495 0.95 
496 0.95 
497 0.95 
498 0.95 
499 0.95 
500 0.95 
501 0.95 
502 0.95 
503 0.95 
504 0.95 
505 0.95 
506 0.95 
507 0.95 
508 0.95 
509 0.95 
510 0.95 
511 0.95 
512 0.95 
513 0.95 
514 0.95 
515 0.95 
516 0.95 
517 0.95 
518 0.95 
519 0.95 
520 0.95 
521 0.95 
522 0.95 
523 0.95 
524 0.95 
525 0.95 
526 0.95 
527 0.95 
528 0.95 
529 0.94 
530 0.94 
531 0.94 
532 0.94 
533 0.94 
534 0.94 
535 0.94 
536 0.94 
537 0.94 
538 0.94 
539 0.94 
540 0.94 
541 0.94 
542 0.94 
543 0.94 
544 0.94 
545 0.94 
546 0.94 
547 0.94 
548 0.94 
549 0.94 
550 0.94 
551 0.94 
552 0.94 
553 0.94 
554 0.94 
555 0.94 
556 0.94 
557 0.94 
558 0.94 
559 0.94 
560 0.94 
561 0.94 
562 0.94 
563 0.94 
564 0.94 
565 0.94 
566 0.94 
567 0.94 
568 0.94 
569 0.94 
570 0.94 
571 0.94 
572 0.94 
573 0.94 
574 0.94 
575 0.94 
576 0.94 
577 0.94 
578 0.94 
579 0.94 
580 0.94 
581 0.94 
582 0.94 
583 0.94 
584 0.94 
585 0.94 
586 0.94 
587 0.94 
588 0.94 
589 0.94 
590 0.94 
591 0.94 
592 0.94 
593 0.94 
594 0.94 
595 0.94 
596 0.94 
597 0.94 
598 0.94 
599 0.94 
600 0.94 
601 0.94 
602 0.94 
603 0.94 
604 0.94 
605 0.94 
606 0.94 
607 0.94 
608 0.94 
609 0.94 
610 0.94 
611 0.93 
612 0.93 
613 0.93 
614 0.93 
615 0.93 
616 0.93 
617 0.93 
618 0.93 
619 0.93 
620 0.93 
621 0.93 
622 0.93 
623 0.93 
624 0.93 
625 0.93 
626 0.93 
627 0.93 
628 0.93 
629 0.93 
630 0.93 
631 0.93 
632 0.93 
633 0.93 
634 0.93 
635 0.93 
636 0.93 
637 0.93 
638 0.93 
639 0.93 
640 0.93 
641 0.93 
642 0.93 
643 0.93 
644 0.93 
645 0.93 
646 0.93 
647 0.93 
648 0.93 
649 0.93 
650 0.93 
651 0.93 
652 0.93 
653 0.93 
654 0.93 
655 0.93 
656 0.93 
657 0.93 
658 0.93 
659 0.93 
660 0.93 
661 0.93 
662 0.93 
663 0.93 
664 0.93 
665 0.93 
666 0.93 
667 0.93 
668 0.93 
669 0.93 
670 0.93 
671 0.92 
672 0.92 
673 0.92 
674 0.92 
675 0.92 
676 0.92 
677 0.92 
678 0.92 
679 0.92 
680 0.92 
681 0.92 
682 0.92 
683 0.92 
684 0.92 
685 0.92 
686 0.92 
687 0.92 
688 0.92 
689 0.92 
690 0.92 
691 0.92 
692 0.92 
693 0.92 
694 0.92 
695 0.92 
696 0.92 
697 0.92 
698 0.92 
699 0.92 
700 0.92 
701 0.92 
702 0.92 
703 0.92 
704 0.92 
705 0.92 
706 0.92 
707 0.92 
708 0.92 
709 0.92 
710 0.92 
711 0.92 
712 0.92 
713 0.92 
714 0.92 
715 0.92 
716 0.92 
717 0.92 
718 0.92 
719 0.92 
720 0.92 
721 0.92 
722 0.92 
723 0.92 
724 0.92 
725 0.92 
726 0.92 
727 0.92 
728 0.92 
729 0.92 
730 0.92 
731 0.92 
732 0.92 
733 0.92 
734 0.93 
735 0.93 
736 0.93 
737 0.93 
738 0.93 
739 0.93 
740 0.93 
741 0.93 
742 0.93 
743 0.93 
744 0.93 
745 0.93 
746 0.93 
747 0.93 
748 0.93 
749 0.93 
750 0.93 
751 0.93 
752 0.93 
753 0.93 
754 0.93 
755 0.93 
756 0.93 
757 0.93 
758 0.93 
759 0.93 
760 0.93 
761 0.93 
762 0.93 
763 0.93 
764 0.93 
765 0.93 
766 0.93 
767 0.93 
768 0.93 
769 0.93 
770 0.93 
771 0.93 
772 0.93 
773 0.93 
774 0.93 
775 0.93 
776 0.93 
777 0.93 
778 0.93 
779 0.93 
780 0.93 
781 0.93 
782 0.93 
783 0.93 
784 0.93 
785 0.93 
786 0.93 
787 0.93 
788 0.93 
789 0.93 
790 0.93 
791 0.93 
792 0.93 
793 0.93 
794 0.93 
795 0.93 
796 0.93 
797 0.93 
798 0.93 
799 0.93 
800 0.93 
801 0.93 
802 0.93 
803 0.93 
804 0.93 
805 0.93 
806 0.93 
807 0.93 
808 0.93 
809 0.93 
810 0.93 
811 0.93 
812 0.93 
813 0.93 
814 0.93 
815 0.93 
816 0.93 
817 0.93 
818 0.93 
819 0.93 
820 0.93 
821 0.93 
822 0.92 
823 0.92 
824 0.92 
825 0.92 
826 0.92 
827 0.92 
828 0.92 
829 0.92 
830 0.92 
831 0.92 
832 0.92 
833 0.92 
834 0.92 
835 0.92 
836 0.92 
837 0.92 
838 0.92 
839 0.92 
840 0.92 
841 0.92 
842 0.92 
843 0.92 
844 0.92 
845 0.92 
846 0.92 
847 0.92 
848 0.92 
849 0.92 
850 0.92 
851 0.92 
852 0.92 
853 0.92 
854 0.92 
855 0.92 
856 0.92 
857 0.92 
858 0.92 
859 0.92 
860 0.92 
861 0.92 
862 0.92 
863 0.92 
864 0.92 
865 0.92 
866 0.92 
867 0.92 
868 0.92 
869 0.92 
870 0.92 
871 0.92 
872 0.92 
873 0.92 
874 0.92 
875 0.92 
876 0.92 
877 0.92 
878 0.92 
879 0.92 
880 0.92 
881 0.92 
882 0.92 
883 0.92 
884 0.92 
885 0.92 
886 0.92 
887 0.92 
888 0.92 
889 0.92 
890 0.92 
891 0.92 
892 0.92 
893 0.92 
894 0.92 
895 0.92 
896 0.92 
897 0.92 
898 0.92 
899 0.92 
900 0.92 
901 0.92 
902 0.92 
903 0.92 
904 0.92 
905 0.92 
906 0.92 
907 0.92 
908 0.92 
909 0.92 
910 0.92 
911 0.92 
912 0.92 
913 0.92 
914 0.92 
915 0.92 
916 0.92 
917 0.92 
918 0.92 
919 0.92 
920 0.92 
921 0.92 
922 0.92 
923 0.92 
924 0.92 
925 0.92 
926 0.92 
927 0.92 
928 0.92 
929 0.92 
930 0.92 
931 0.92 
932 0.92 
933 0.92 
934 0.92 
935 0.92 
936 0.92 
937 0.92 
938 0.92 
939 0.92 
940 0.92 
941 0.92 
942 0.92 
943 0.92 
944 0.92 
945 0.92 
946 0.92 
947 0.92 
948 0.92 
949 0.92 
950 0.92 
951 0.92 
952 0.92 
953 0.92 
954 0.92 
955 0.92 
956 0.92 
957 0.92 
958 0.92 
959 0.92 
960 0.92 
961 0.92 
962 0.92 
963 0.92 
964 0.92 
965 0.92 
966 0.92 
967 0.92 
968 0.92 
969 0.92 
970 0.92 
971 0.92 
972 0.92 
973 0.92 
974 0.92 
975 0.92 
976 0.92 
977 0.92 
978 0.92 
979 0.92 
980 0.92 
981 0.92 
982 0.92 
983 0.92 
984 0.92 
985 0.92 
986 0.92 
987 0.92 
988 0.92 
989 0.92 
990 0.92 
991 0.92 
992 0.92 
993 0.93 
994 0.93 
995 0.93 
996 0.93 
997 0.93 
998 0.93 
999 0.93 
1000 0.93 
1001 0.93 
1002 0.93 
1003 0.93 
1004 0.93 
1005 0.93 
1006 0.93 
1007 0.93 
1008 0.93 
1009 0.93 
1010 0.93 
1011 0.93 
1012 0.93 
1013 0.93 
1014 0.93 
1015 0.93 
1016 0.93 
1017 0.93 
1018 0.93 
1019 0.93 
1020 0.93 
1021 0.93 
1022 0.93 
1023 0.93 
1024 0.93 
1025 0.93 
1026 0.93 
1027 0.93 
1028 0.93 
1029 0.93 
1030 0.93 
1031 0.93 
1032 0.93 
1033 0.93 
1034 0.93 
1035 0.93 
1036 0.93 
1037 0.93 
1038 0.93 
1039 0.93 
1040 0.93 
1041 0.93 
1042 0.93 
1043 0.93 
1044 0.93 
1045 0.93 
1046 0.93 
1047 0.93 
1048 0.93 
1049 0.93 
1050 0.93 
1051 0.93 
1052 0.93 
1053 0.93 
1054 0.93 
1055 0.93 
1056 0.93 
1057 0.93 
1058 0.93 
1059 0.93 
1060 0.93 
1061 0.93 
1062 0.93 
1063 0.93 
1064 0.93 
1065 0.93 
1066 0.93 
1067 0.93 
1068 0.93 
1069 0.93 
1070 0.93 
1071 0.93 
1072 0.93 
1073 0.93 
1074 0.93 
1075 0.93 
1076 0.93 
1077 0.93 
1078 0.93 
1079 0.93 
1080 0.93 
1081 0.93 
1082 0.93 
1083 0.93 
1084 0.93 
1085 0.93 
1086 0.93 
1087 0.93 
1088 0.93 
1089 0.93 
1090 0.93 
1091 0.93 
1092 0.93 
1093 0.93 
1094 0.93 
1095 0.93 
1096 0.93 
1097 0.93 
1098 0.93 
1099 0.93 
1100 0.93 
1101 0.93 
1102 0.93 
1103 0.93 
1104 0.93 
1105 0.93 
1106 0.93 
1107 0.93 
1108 0.93 
1109 0.93 
1110 0.93 
1111 0.93 
1112 0.93 
1113 0.93 
1114 0.93 
1115 0.93 
1116 0.93 
1117 0.93 
1118 0.93 
1119 0.93 
1120 0.93 
1121 0.93 
1122 0.93 
1123 0.93 
1124 0.93 
1125 0.93 
1126 0.93 
1127 0.93 
1128 0.93 
1129 0.93 
1130 0.93 
1131 0.93 
1132 0.93 
1133 0.93 
1134 0.93 
1135 0.93 
1136 0.93 
1137 0.93 
1138 0.93 
1139 0.93 
1140 0.93 
1141 0.93 
1142 0.93 
1143 0.93 
1144 0.93 
1145 0.93 
1146 0.93 
1147 0.93 
1148 0.93 
1149 0.93 
1150 0.93 
1151 0.93 
1152 0.93 
1153 0.93 
1154 0.93 
1155 0.93 
1156 0.93 
1157 0.93 
1158 0.93 
1159 0.93 
1160 0.93 
1161 0.93 
1162 0.93 
1163 0.93 
1164 0.93 
1165 0.93 
1166 0.93 
1167 0.93 
1168 0.93 
1169 0.93 
1170 0.93 
1171 0.93 
1172 0.93 
1173 0.93 
1174 0.93 
1175 0.93 
1176 0.93 
1177 0.93 
1178 0.93 
1179 0.93 
1180 0.93 
1181 0.93 
1182 0.93 
1183 0.93 
1184 0.93 
1185 0.93 
1186 0.93 
1187 0.93 
1188 0.93 
1189 0.93 
1190 0.93 
1191 0.93 
1192 0.93 
1193 0.93 
1194 0.93 
1195 0.93 
1196 0.93 
1197 0.93 
1198 0.93 
1199 0.93 
1200 0.93 
1201 0.93 
1202 0.93 
1203 0.93 
1204 0.93 
1205 0.93 
1206 0.93 
1207 0.93 
1208 0.93 
1209 0.93 
1210 0.93 
1211 0.93 
1212 0.93 
1213 0.93 
1214 0.93 
1215 0.93 
1216 0.93 
1217 0.94 
1218 0.94 
1219 0.94 
1220 0.94 
1221 0.94 
1222 0.94 
1223 0.94 
1224 0.94 
1225 0.94 
1226 0.94 
1227 0.94 
1228 0.94 
1229 0.94 
1230 0.94 
1231 0.94 
1232 0.94 
1233 0.94 
1234 0.94 
1235 0.94 
1236 0.94 
1237 0.94 
1238 0.94 
1239 0.94 
1240 0.94 
1241 0.94 
1242 0.94 
1243 0.94 
1244 0.94 
1245 0.94 
1246 0.94 
1247 0.94 
1248 0.94 
1249 0.94 
1250 0.94 
1251 0.94 
1252 0.94 
1253 0.94 
1254 0.94 
1255 0.94 
1256 0.94 
1257 0.94 
1258 0.94 
1259 0.94 
1260 0.94 
1261 0.94 
1262 0.94 
1263 0.94 
1264 0.94 
1265 0.94 
1266 0.94 
1267 0.94 
1268 0.94 
1269 0.94 
1270 0.94 
1271 0.94 
1272 0.94 
1273 0.94 
1274 0.94 
1275 0.94 
1276 0.94 
1277 0.94 
1278 0.94 
1279 0.94 
1280 0.94 
1281 0.94 
1282 0.94 
1283 0.94 
1284 0.94 
1285 0.94 
1286 0.94 
1287 0.94 
1288 0.94 
1289 0.94 
1290 0.94 
1291 0.94 
1292 0.94 
1293 0.94 
1294 0.94 
1295 0.94 
1296 0.94 
1297 0.94 
1298 0.94 
1299 0.94 
1300 0.94 
1301 0.94 
1302 0.94 
1303 0.94 
1304 0.94 
1305 0.94 
1306 0.94 
1307 0.94 
1308 0.94 
1309 0.94 
1310 0.94 
1311 0.94 
1312 0.94 
1313 0.94 
1314 0.94 
1315 0.94 
1316 0.94 
1317 0.94 
1318 0.94 
1319 0.94 
1320 0.94 
1321 0.94 
1322 0.94 
1323 0.94 
1324 0.94 
1325 0.94 
1326 0.94 
1327 0.94 
1328 0.94 
1329 0.94 
1330 0.94 
1331 0.94 
1332 0.94 
1333 0.94 
1334 0.94 
1335 0.94 
1336 0.94 
1337 0.94 
1338 0.94 
1339 0.94 
1340 0.94 
1341 0.94 
1342 0.94 
1343 0.94 
1344 0.94 
1345 0.94 
1346 0.94 
1347 0.94 
1348 0.94 
1349 0.94 
1350 0.94 
1351 0.94 
1352 0.94 
1353 0.94 
1354 0.94 
1355 0.94 
1356 0.94 
1357 0.94 
1358 0.94 
1359 0.94 
1360 0.94 
1361 0.94 
1362 0.94 
1363 0.94 
1364 0.94 
1365 0.94 
1366 0.94 
1367 0.94 
1368 0.94 
1369 0.94 
1370 0.94 
1371 0.94 
1372 0.94 
1373 0.94 
1374 0.94 
1375 0.94 
1376 0.94 
1377 0.94 
1378 0.94 
1379 0.94 
1380 0.94 
1381 0.94 
1382 0.94 
1383 0.94 
1384 0.94 
1385 0.94 
1386 0.94 
1387 0.94 
1388 0.94 
1389 0.94 
1390 0.94 
1391 0.94 
1392 0.94 
1393 0.94 
1394 0.94 
1395 0.94 
1396 0.94 
1397 0.94 
1398 0.94 
1399 0.94 
1400 0.94 
1401 0.94 
1402 0.94 
1403 0.94 
1404 0.94 
1405 0.94 
1406 0.94 
1407 0.94 
1408 0.94 
1409 0.94 
1410 0.94 
1411 0.94 
1412 0.94 
1413 0.94 
1414 0.94 
1415 0.94 
1416 0.94 
1417 0.94 
1418 0.94 
1419 0.94 
1420 0.94 
1421 0.94 
1422 0.94 
1423 0.94 
1424 0.94 
1425 0.94 
1426 0.94 
1427 0.94 
1428 0.94 
1429 0.94 
1430 0.94 
1431 0.94 
1432 0.94 
1433 0.94 
1434 0.94 
1435 0.94 
1436 0.94 
1437 0.94 
1438 0.94 
1439 0.94 
1440 0.94 
1441 0.94 
1442 0.94 
1443 0.94 
1444 0.94 
1445 0.94 
1446 0.94 
1447 0.94 
1448 0.94 
1449 0.94 
1450 0.94 
1451 0.94 
1452 0.94 
1453 0.94 
1454 0.94 
1455 0.94 
1456 0.94 
1457 0.94 
1458 0.94 
1459 0.94 
1460 0.94 
1461 0.94 
1462 0.94 
1463 0.94 
1464 0.94 
1465 0.94 
1466 0.94 
1467 0.94 
1468 0.94 
1469 0.94 
1470 0.94 
1471 0.94 
1472 0.94 
1473 0.94 
1474 0.94 
1475 0.94 
1476 0.94 
1477 0.94 
1478 0.94 
1479 0.94 
1480 0.94 
1481 0.94 
1482 0.94 
1483 0.94 
1484 0.94 
1485 0.94 
1486 0.94 
1487 0.94 
1488 0.94 
1489 0.94 
1490 0.94 
1491 0.94 
1492 0.94 
1493 0.94 
1494 0.94 
1495 0.94 
1496 0.94 
1497 0.94 
1498 0.94 
1499 0.94 
1500 0.94 
1501 0.94 
1502 0.94 
1503 0.94 
1504 0.94 
1505 0.94 
1506 0.94 
1507 0.94 
1508 0.94 
1509 0.94 
1510 0.94 
1511 0.94 
1512 0.94 
1513 0.94 
1514 0.94 
1515 0.94 
1516 0.94 
1517 0.94 
1518 0.94 
1519 0.94 
1520 0.94 
1521 0.94 
1522 0.94 
1523 0.94 
1524 0.94 
1525 0.94 
1526 0.94 
1527 0.94 
1528 0.94 
1529 0.94 
1530 0.94 
1531 0.94 
1532 0.94 
1533 0.94 
1534 0.94 
1535 0.94 
1536 0.94 
1537 0.94 
1538 0.94 
1539 0.94 
1540 0.94 
1541 0.94 
1542 0.94 
1543 0.94 
1544 0.94 
1545 0.94 
1546 0.94 
1547 0.94 
1548 0.94 
1549 0.94 
1550 0.94 
1551 0.94 
1552 0.94 
1553 0.94 
1554 0.94 
1555 0.94 
1556 0.94 
1557 0.94 
1558 0.94 
1559 0.94 
1560 0.94 
1561 0.94 
1562 0.94 
1563 0.94 
1564 0.94 
1565 0.94 
1566 0.94 
1567 0.94 
1568 0.94 
1569 0.94 
1570 0.94 
1571 0.94 
1572 0.94 
1573 0.94 
1574 0.94 
1575 0.94 
1576 0.94 
1577 0.94 
1578 0.94 
1579 0.94 
1580 0.94 
1581 0.94 
1582 0.94 
1583 0.94 
1584 0.94 
1585 0.94 
1586 0.94 
1587 0.94 
1588 0.94 
1589 0.94 
1590 0.94 
1591 0.94 
1592 0.94 
1593 0.94 
1594 0.94 
1595 0.94 
1596 0.94 
1597 0.94 
1598 0.94 
1599 0.94 
1600 0.94 
1601 0.94 
1602 0.94 
1603 0.94 
1604 0.94 
1605 0.94 
1606 0.94 
1607 0.94 
1608 0.94 
1609 0.94 
1610 0.94 
1611 0.94 
1612 0.94 
1613 0.94 
1614 0.94 
1615 0.94 
1616 0.94 
1617 0.94 
1618 0.94 
1619 0.94 
1620 0.94 
1621 0.94 
1622 0.94 
1623 0.94 
1624 0.94 
1625 0.94 
1626 0.94 
1627 0.94 
1628 0.94 
1629 0.94 
1630 0.94 
1631 0.94 
1632 0.94 
1633 0.94 
1634 0.94 
1635 0.94 
1636 0.94 
1637 0.94 
1638 0.94 
1639 0.94 
1640 0.94 
1641 0.94 
1642 0.94 
1643 0.94 
1644 0.94 
1645 0.94 
1646 0.94 
1647 0.94 
1648 0.94 
1649 0.94 
1650 0.94 
1651 0.94 
1652 0.94 
1653 0.94 
1654 0.94 
1655 0.94 
1656 0.94 
1657 0.94 
1658 0.94 
1659 0.94 
1660 0.94 
1661 0.94 
1662 0.94 
1663 0.94 
1664 0.94 
1665 0.94 
1666 0.94 
1667 0.94 
1668 0.94 
1669 0.94 
1670 0.94 
1671 0.94 
1672 0.94 
1673 0.94 
1674 0.94 
1675 0.94 
1676 0.94 
1677 0.94 
1678 0.94 
1679 0.94 
1680 0.94 
1681 0.94 
1682 0.94 
1683 0.94 
1684 0.94 
1685 0.94 
1686 0.94 
1687 0.94 
1688 0.94 
1689 0.94 
1690 0.94 
1691 0.94 
1692 0.94 
1693 0.94 
1694 0.94 
1695 0.94 
1696 0.94 
1697 0.94 
1698 0.94 
1699 0.94 
1700 0.94 
1701 0.94 
1702 0.94 
1703 0.94 
1704 0.94 
1705 0.94 
1706 0.94 
1707 0.94 
1708 0.94 
1709 0.94 
1710 0.94 
1711 0.94 
1712 0.94 
1713 0.94 
1714 0.94 
1715 0.94 
1716 0.94 
1717 0.94 
1718 0.94 
1719 0.94 
1720 0.94 
1721 0.94 
1722 0.94 
1723 0.94 
1724 0.94 
1725 0.94 
1726 0.94 
1727 0.94 
1728 0.94 
1729 0.94 
1730 0.94 
1731 0.94 
1732 0.94 
1733 0.94 
1734 0.94 
1735 0.94 
1736 0.94 
1737 0.94 
1738 0.94 
1739 0.94 
1740 0.94 
1741 0.94 
1742 0.94 
1743 0.94 
1744 0.94 
1745 0.94 
1746 0.94 
1747 0.94 
1748 0.94 
1749 0.94 
1750 0.94 
1751 0.94 
1752 0.94 
1753 0.94 
1754 0.94 
1755 0.94 
1756 0.94 
1757 0.94 
1758 0.94 
1759 0.94 
1760 0.94 
1761 0.94 
1762 0.94 
1763 0.94 
1764 0.94 
1765 0.94 
1766 0.94 
1767 0.94 
1768 0.94 
1769 0.94 
1770 0.94 
1771 0.94 
1772 0.94 
1773 0.94 
1774 0.94 
1775 0.94 
1776 0.94 
1777 0.94 
1778 0.94 
1779 0.94 
1780 0.94 
1781 0.94 
1782 0.94 
1783 0.94 
1784 0.94 
1785 0.94 
1786 0.94 
1787 0.94 
1788 0.94 
1789 0.94 
1790 0.94 
1791 0.94 
1792 0.94 
1793 0.94 
1794 0.94 
1795 0.94 
1796 0.94 
1797 0.94 
1798 0.94 
1799 0.94 
1800 0.94 
1801 0.94 
1802 0.94 
1803 0.94 
1804 0.94 
1805 0.94 
1806 0.94 
1807 0.94 
1808 0.94 
1809 0.94 
1810 0.94 
1811 0.94 
1812 0.94 
1813 0.94 
1814 0.94 
1815 0.94 
1816 0.94 
1817 0.94 
1818 0.94 
1819 0.94 
1820 0.94 
1821 0.94 
1822 0.94 
1823 0.94 
1824 0.94 
1825 0.94 
1826 0.94 
1827 0.94 
1828 0.94 
1829 0.94 
1830 0.94 
1831 0.94 
1832 0.94 
1833 0.94 
1834 0.94 
1835 0.94 
1836 0.94 
1837 0.94 
1838 0.94 
1839 0.94 
1840 0.94 
1841 0.94 
1842 0.94 
1843 0.94 
1844 0.94 
1845 0.94 
1846 0.94 
1847 0.94 
1848 0.94 
1849 0.94 
1850 0.94 
1851 0.94 
1852 0.94 
1853 0.94 
1854 0.94 
1855 0.94 
1856 0.94 
1857 0.94 
1858 0.94 
1859 0.94 
1860 0.94 
1861 0.94 
1862 0.94 
1863 0.94 
1864 0.94 
1865 0.94 
1866 0.94 
1867 0.94 
1868 0.94 
1869 0.94 
1870 0.94 
1871 0.94 
1872 0.94 
1873 0.94 
1874 0.94 
1875 0.94 
1876 0.94 
1877 0.94 
1878 0.94 
1879 0.94 
1880 0.94 
1881 0.94 
1882 0.94 
1883 0.94 
1884 0.94 
1885 0.94 
1886 0.94 
1887 0.94 
1888 0.94 
1889 0.94 
1890 0.94 
1891 0.94 
1892 0.94 
1893 0.94 
1894 0.94 
1895 0.94 
1896 0.94 
1897 0.94 
1898 0.94 
1899 0.94 
1900 0.94 
1901 0.94 
1902 0.94 
1903 0.94 
1904 0.94 
1905 0.94 
1906 0.94 
1907 0.94 
1908 0.94 
1909 0.94 
1910 0.94 
1911 0.94 
1912 0.94 
1913 0.94 
1914 0.94 
1915 0.94 
1916 0.94 
1917 0.94 
1918 0.94 
1919 0.94 
1920 0.94 
1921 0.94 
1922 0.94 
1923 0.94 
1924 0.94 
1925 0.94 
1926 0.94 
1927 0.94 
1928 0.94 
1929 0.94 
1930 0.94 
1931 0.94 
1932 0.94 
1933 0.94 
1934 0.94 
1935 0.94 
1936 0.94 
1937 0.94 
1938 0.94 
1939 0.94 
1940 0.94 
1941 0.94 
1942 0.94 
1943 0.94 
1944 0.94 
1945 0.94 
1946 0.94 
1947 0.94 
1948 0.94 
1949 0.94 
1950 0.94 
1951 0.94 
1952 0.94 
1953 0.94 
1954 0.94 
1955 0.94 
1956 0.94 
1957 0.94 
1958 0.94 
1959 0.94 
1960 0.94 
1961 0.94 
1962 0.94 
1963 0.94 
1964 0.94 
1965 0.94 
1966 0.94 
1967 0.94 
1968 0.94 
1969 0.94 
1970 0.94 
1971 0.94 
1972 0.94 
1973 0.94 
1974 0.94 
1975 0.94 
1976 0.94 
1977 0.94 
1978 0.94 
1979 0.94 
1980 0.94 
1981 0.94 
1982 0.94 
1983 0.94 
1984 0.94 
1985 0.94 
1986 0.94 
1987 0.94 
1988 0.94 
1989 0.94 
1990 0.94 
1991 0.94 
1992 0.94 
1993 0.94 
1994 0.94 
1995 0.94 
1996 0.94 
1997 0.94 
1998 0.94 
1999 0.94 
2000 0.94 
2001 0.94 
2002 0.94 
2003 0.94 
2004 0.95 
2005 0.95 
2006 0.95 
2007 0.95 
2008 0.95 
2009 0.95 
2010 0.95 
2011 0.95 
2012 0.95 
2013 0.95 
2014 0.95 
2015 0.95 
2016 0.95 
2017 0.95 
2018 0.95 
2019 0.95 
2020 0.95 
2021 0.95 
2022 0.95 
2023 0.95 
2024 0.95 
2025 0.95 
2026 0.95 
2027 0.95 
2028 0.95 
2029 0.95 
2030 0.94 
2031 0.94 
2032 0.94 
2033 0.94 
2034 0.94 
2035 0.94 
2036 0.94 
2037 0.94 
2038 0.94 
2039 0.94 
2040 0.94 
2041 0.94 
2042 0.94 
2043 0.94 
2044 0.94 
2045 0.94 
2046 0.94 
2047 0.94 
2048 0.94 
2049 0.94 
2050 0.94 
2051 0.94 
2052 0.94 
2053 0.94 
2054 0.94 
2055 0.94 
2056 0.94 
2057 0.94 
2058 0.94 
2059 0.94 
2060 0.94 
2061 0.94 
2062 0.94 
2063 0.94 
2064 0.94 
2065 0.94 
2066 0.94 
2067 0.94 
2068 0.94 
2069 0.94 
2070 0.94 
2071 0.94 
2072 0.94 
2073 0.94 
2074 0.94 
2075 0.94 
2076 0.94 
2077 0.94 
2078 0.94 
2079 0.94 
2080 0.94 
2081 0.94 
2082 0.94 
2083 0.94 
2084 0.94 
2085 0.94 
2086 0.94 
2087 0.94 
2088 0.94 
2089 0.94 
2090 0.94 
2091 0.94 
2092 0.94 
2093 0.94 
2094 0.94 
2095 0.94 
2096 0.94 
2097 0.94 
2098 0.94 
2099 0.94 
2100 0.94 
2101 0.94 
2102 0.94 
2103 0.94 
2104 0.94 
2105 0.94 
2106 0.94 
2107 0.94 
2108 0.94 
2109 0.94 
2110 0.94 
2111 0.94 
2112 0.94 
2113 0.94 
2114 0.94 
2115 0.94 
2116 0.94 
2117 0.94 
2118 0.94 
2119 0.94 
2120 0.94 
2121 0.94 
2122 0.94 
2123 0.94 
2124 0.94 
2125 0.94 
2126 0.94 
2127 0.94 
2128 0.94 
2129 0.94 
2130 0.94 
2131 0.94 
2132 0.94 
2133 0.94 
2134 0.94 
2135 0.94 
2136 0.94 
2137 0.94 
2138 0.94 
2139 0.94 
2140 0.94 
2141 0.94 
2142 0.94 
2143 0.94 
2144 0.94 
2145 0.94 
2146 0.94 
2147 0.94 
2148 0.94 
2149 0.94 
2150 0.94 
2151 0.94 
2152 0.94 
2153 0.94 
2154 0.94 
2155 0.94 
2156 0.94 
2157 0.94 
2158 0.94 
2159 0.94 
2160 0.94 
2161 0.94 
2162 0.94 
2163 0.94 
2164 0.94 
2165 0.94 
2166 0.94 
2167 0.94 
2168 0.94 
2169 0.94 
2170 0.94 
2171 0.94 
2172 0.94 
2173 0.94 
2174 0.94 
2175 0.94 
2176 0.94 
2177 0.94 
2178 0.94 
2179 0.94 
2180 0.94 
2181 0.94 
2182 0.94 
2183 0.94 
2184 0.94 
2185 0.94 
2186 0.94 
2187 0.94 
2188 0.94 
2189 0.94 
2190 0.94 
2191 0.94 
2192 0.94 
2193 0.94 
2194 0.94 
2195 0.94 
2196 0.94 
2197 0.94 
2198 0.94 
2199 0.94 
2200 0.94 
2201 0.94 
2202 0.94 
2203 0.94 
2204 0.94 
2205 0.94 
2206 0.94 
2207 0.94 
2208 0.94 
2209 0.94 
2210 0.94 
2211 0.94 
2212 0.94 
2213 0.94 
2214 0.94 
2215 0.94 
2216 0.94 
2217 0.94 
2218 0.94 
2219 0.94 
2220 0.94 
2221 0.94 
2222 0.94 
2223 0.94 
2224 0.94 
2225 0.94 
2226 0.94 
2227 0.94 
2228 0.94 
2229 0.94 
2230 0.94 
2231 0.94 
2232 0.94 
2233 0.94 
2234 0.94 
2235 0.94 
2236 0.94 
2237 0.94 
2238 0.94 
2239 0.94 
2240 0.94 
2241 0.94 
2242 0.94 
2243 0.94 
2244 0.94 
2245 0.94 
2246 0.94 
2247 0.94 
2248 0.94 
2249 0.94 
2250 0.94 
2251 0.94 
2252 0.94 
2253 0.94 
2254 0.94 
2255 0.94 
2256 0.94 
2257 0.94 
2258 0.94 
2259 0.94 
2260 0.94 
2261 0.94 
2262 0.94 
2263 0.94 
2264 0.94 
2265 0.94 
2266 0.94 
2267 0.94 
2268 0.94 
2269 0.94 
2270 0.94 
2271 0.94 
2272 0.94 
2273 0.94 
2274 0.94 
2275 0.94 
2276 0.94 
2277 0.94 
2278 0.94 
2279 0.94 
2280 0.94 
2281 0.94 
2282 0.94 
2283 0.94 
2284 0.94 
2285 0.94 
2286 0.94 
2287 0.94 
2288 0.94 
2289 0.94 
2290 0.94 
2291 0.94 
2292 0.94 
2293 0.94 
2294 0.94 
2295 0.94 
2296 0.94 
2297 0.94 
2298 0.94 
2299 0.94 
2300 0.94 
2301 0.94 
2302 0.94 
2303 0.94 
2304 0.94 
2305 0.95 
2306 0.95 
2307 0.95 
2308 0.95 
2309 0.95 
2310 0.95 
2311 0.95 
2312 0.95 
2313 0.95 
2314 0.95 
2315 0.95 
2316 0.95 
2317 0.95 
2318 0.95 
2319 0.95 
2320 0.95 
2321 0.95 
2322 0.95 
2323 0.95 
2324 0.95 
2325 0.95 
2326 0.95 
2327 0.95 
2328 0.95 
2329 0.95 
2330 0.95 
2331 0.95 
2332 0.95 
2333 0.95 
2334 0.95 
2335 0.95 
2336 0.95 
2337 0.95 
2338 0.95 
2339 0.95 
2340 0.95 
2341 0.95 
2342 0.95 
2343 0.95 
2344 0.95 
2345 0.95 
2346 0.95 
2347 0.95 
2348 0.95 
2349 0.95 
2350 0.95 
2351 0.95 
2352 0.95 
2353 0.95 
2354 0.95 
2355 0.95 
2356 0.95 
2357 0.95 
2358 0.95 
2359 0.95 
2360 0.95 
2361 0.95 
2362 0.95 
2363 0.95 
2364 0.95 
2365 0.95 
2366 0.95 
2367 0.95 
2368 0.95 
2369 0.95 
2370 0.95 
2371 0.95 
2372 0.95 
2373 0.95 
2374 0.95 
2375 0.95 
2376 0.95 
2377 0.95 
2378 0.95 
2379 0.95 
2380 0.95 
2381 0.95 
2382 0.95 
2383 0.95 
2384 0.95 
2385 0.95 
2386 0.95 
2387 0.95 
2388 0.95 
2389 0.95 
2390 0.95 
2391 0.95 
2392 0.95 
2393 0.95 
2394 0.95 
2395 0.95 
2396 0.95 
2397 0.95 
2398 0.95 
2399 0.95 
2400 0.95 
2401 0.95 
2402 0.95 
2403 0.95 
2404 0.95 
2405 0.95 
2406 0.95 
2407 0.95 
2408 0.95 
2409 0.95 
2410 0.95 
2411 0.95 
2412 0.95 
2413 0.95 
2414 0.95 
2415 0.95 
2416 0.95 
2417 0.95 
2418 0.95 
2419 0.95 
2420 0.95 
2421 0.95 
2422 0.95 
2423 0.95 
2424 0.95 
2425 0.95 
2426 0.95 
2427 0.95 
2428 0.95 
2429 0.95 
2430 0.95 
2431 0.95 
2432 0.95 
2433 0.95 
2434 0.95 
2435 0.95 
2436 0.95 
2437 0.95 
2438 0.95 
2439 0.95 
2440 0.95 
2441 0.95 
2442 0.95 
2443 0.95 
2444 0.95 
2445 0.95 
2446 0.95 
2447 0.95 
2448 0.95 
2449 0.95 
2450 0.95 
2451 0.95 
2452 0.95 
2453 0.95 
2454 0.95 
2455 0.95 
2456 0.95 
2457 0.95 
2458 0.95 
2459 0.95 
2460 0.95 
2461 0.95 
2462 0.95 
2463 0.95 
2464 0.95 
2465 0.95 
2466 0.95 
2467 0.95 
2468 0.95 
2469 0.95 
2470 0.95 
2471 0.95 
2472 0.95 
2473 0.95 
2474 0.95 
2475 0.95 
2476 0.95 
2477 0.95 
2478 0.95 
2479 0.95 
2480 0.95 
2481 0.95 
2482 0.95 
2483 0.95 
2484 0.95 
2485 0.95 
2486 0.95 
2487 0.95 
2488 0.95 
2489 0.95 
2490 0.95 
2491 0.95 
2492 0.95 
2493 0.95 
2494 0.95 
2495 0.95 
2496 0.95 
2497 0.95 
2498 0.95 
2499 0.95 
2500 0.95 
2501 0.95 
2502 0.95 
2503 0.95 
2504 0.95 
2505 0.95 
2506 0.95 
2507 0.95 
2508 0.95 
2509 0.95 
2510 0.95 
2511 0.95 
2512 0.95 
2513 0.95 
2514 0.95 
2515 0.95 
2516 0.95 
2517 0.95 
2518 0.95 
2519 0.95 
2520 0.95 
2521 0.95 
2522 0.95 
2523 0.95 
2524 0.95 
2525 0.95 
2526 0.95 
2527 0.95 
2528 0.95 
2529 0.95 
2530 0.95 
2531 0.95 
2532 0.95 
2533 0.95 
2534 0.95 
2535 0.95 
2536 0.95 
2537 0.95 
2538 0.95 
2539 0.95 
2540 0.95 
2541 0.95 
2542 0.95 
2543 0.95 
2544 0.95 
2545 0.95 
2546 0.95 
2547 0.95 
2548 0.95 
2549 0.95 
2550 0.95 
2551 0.95 
2552 0.95 
2553 0.95 
2554 0.95 
2555 0.95 
2556 0.95 
2557 0.95 
2558 0.95 
2559 0.95 
2560 0.95 
2561 0.95 
2562 0.95 
2563 0.95 
2564 0.95 
2565 0.95 
2566 0.95 
2567 0.95 
2568 0.95 
2569 0.95 
2570 0.95 
2571 0.95 
2572 0.95 
2573 0.95 
2574 0.95 
2575 0.95 
2576 0.95 
2577 0.95 
2578 0.95 
2579 0.95 
2580 0.95 
2581 0.95 
2582 0.95 
2583 0.95 
2584 0.95 
2585 0.95 
2586 0.95 
2587 0.95 
2588 0.95 
2589 0.95 
2590 0.95 
2591 0.95 
2592 0.95 
2593 0.95 
2594 0.95 
2595 0.95 
2596 0.95 
2597 0.95 
2598 0.95 
2599 0.95 
2600 0.95 
2601 0.95 
2602 0.95 
2603 0.95 
2604 0.95 
2605 0.95 
2606 0.95 
2607 0.95 
2608 0.95 
2609 0.95 
2610 0.95 
2611 0.95 
2612 0.95 
2613 0.95 
2614 0.95 
2615 0.95 
2616 0.95 
2617 0.95 
2618 0.95 
2619 0.95 
2620 0.95 
2621 0.95 
2622 0.95 
2623 0.95 
2624 0.95 
2625 0.95 
2626 0.95 
2627 0.95 
2628 0.95 
2629 0.95 
2630 0.95 
2631 0.95 
2632 0.95 
2633 0.95 
2634 0.95 
2635 0.95 
2636 0.95 
2637 0.95 
2638 0.95 
2639 0.95 
2640 0.95 
2641 0.95 
2642 0.95 
2643 0.95 
2644 0.95 
2645 0.95 
2646 0.95 
2647 0.95 
2648 0.95 
2649 0.95 
2650 0.95 
2651 0.95 
2652 0.95 
2653 0.95 
2654 0.95 
2655 0.95 
2656 0.95 
2657 0.95 
2658 0.95 
2659 0.95 
2660 0.95 
2661 0.95 
2662 0.95 
2663 0.95 
2664 0.95 
2665 0.95 
2666 0.95 
2667 0.95 
2668 0.95 
2669 0.95 
2670 0.95 
2671 0.95 
2672 0.95 
2673 0.95 
2674 0.95 
2675 0.95 
2676 0.95 
2677 0.95 
2678 0.95 
2679 0.95 
2680 0.95 
2681 0.95 
2682 0.95 
2683 0.95 
2684 0.95 
2685 0.95 
2686 0.95 
2687 0.95 
2688 0.95 
2689 0.95 
2690 0.95 
2691 0.95 
2692 0.95 
2693 0.95 
2694 0.95 
2695 0.95 
2696 0.95 
2697 0.95 
2698 0.95 
2699 0.95 
2700 0.95 
2701 0.95 
2702 0.95 
2703 0.95 
2704 0.95 
2705 0.94 
2706 0.94 
2707 0.94 
2708 0.94 
2709 0.94 
2710 0.94 
2711 0.94 
2712 0.94 
2713 0.94 
2714 0.94 
2715 0.94 
2716 0.94 
2717 0.94 
2718 0.93 
2719 0.93 
2720 0.93 
2721 0.93 
2722 0.93 
2723 0.93 
2724 0.93 
2725 0.93 
2726 0.93 
2727 0.93 
2728 0.93 
2729 0.93 
2730 0.93 
2731 0.92 
2732 0.92 
2733 0.92 
2734 0.92 
2735 0.92 
2736 0.92 
2737 0.92 
2738 0.92 
2739 0.92 
2740 0.92 
2741 0.92 
2742 0.92 
2743 0.92 
2744 0.91 
2745 0.91 
2746 0.91 
2747 0.91 
2748 0.91 
2749 0.91 
2750 0.91 
2751 0.91 
2752 0.91 
2753 0.91 
2754 0.91 
2755 0.91 
2756 0.91 
2757 0.91 
2758 0.90 
2759 0.90 
2760 0.90 
2761 0.90 
2762 0.90 
2763 0.90 
2764 0.90 
2765 0.90 
2766 0.90 
2767 0.90 
2768 0.90 
2769 0.90 
2770 0.90 
2771 0.90 
2772 0.89 
2773 0.89 
2774 0.89 
2775 0.89 
2776 0.89 
2777 0.89 
2778 0.89 
2779 0.89 
2780 0.89 
2781 0.89 
2782 0.89 
2783 0.89 
2784 0.89 
2785 0.89 
2786 0.89 
2787 0.89 
2788 0.89 
2789 0.88 
2790 0.88 
2791 0.88 
2792 0.88 
2793 0.88 
2794 0.88 
2795 0.88 
2796 0.88 
2797 0.88 
2798 0.88 
2799 0.88 
2800 0.88 
2801 0.88 
2802 0.88 
2803 0.88 
2804 0.88 
2805 0.87 
2806 0.87 
2807 0.87 
2808 0.87 
2809 0.87 
2810 0.87 
2811 0.87 
2812 0.87 
2813 0.87 
2814 0.87 
2815 0.87 
2816 0.87 
2817 0.87 
2818 0.87 
2819 0.87 
2820 0.86 
2821 0.86 
2822 0.86 
2823 0.86 
2824 0.86 
2825 0.86 
2826 0.86 
2827 0.86 
2828 0.86 
2829 0.86 
2830 0.86 
2831 0.86 
2832 0.86 
2833 0.86 
2834 0.86 
2835 0.86 
2836 0.86 
2837 0.85 
2838 0.85 
2839 0.85 
2840 0.85 
2841 0.85 
2842 0.85 
2843 0.85 
2844 0.85 
2845 0.85 
2846 0.85 
2847 0.85 
2848 0.85 
2849 0.85 
2850 0.85 
2851 0.85 
2852 0.85 
2853 0.85 
2854 0.84 
2855 0.84 
2856 0.84 
2857 0.84 
2858 0.84 
2859 0.84 
2860 0.84 
2861 0.84 
2862 0.84 
2863 0.84 
2864 0.84 
2865 0.84 
2866 0.84 
2867 0.84 
2868 0.84 
2869 0.84 
2870 0.83 
2871 0.83 
2872 0.83 
2873 0.83 
2874 0.83 
2875 0.83 
2876 0.83 
2877 0.83 
2878 0.83 
2879 0.83 
2880 0.83 
2881 0.83 
2882 0.83 
2883 0.83 
2884 0.83 
2885 0.83 
2886 0.83 
2887 0.83 
2888 0.82 
2889 0.82 
2890 0.82 
2891 0.82 
2892 0.82 
2893 0.82 
2894 0.82 
2895 0.82 
2896 0.82 
2897 0.82 
2898 0.82 
2899 0.82 
2900 0.82 
2901 0.82 
2902 0.82 
2903 0.82 
2904 0.82 
2905 0.82 
2906 0.81 
2907 0.81 
2908 0.81 
2909 0.81 
2910 0.81 
2911 0.81 
2912 0.81 
2913 0.81 
2914 0.81 
2915 0.81 
2916 0.81 
2917 0.81 
2918 0.81 
2919 0.81 
2920 0.81 
2921 0.81 
2922 0.81 
2923 0.81 
2924 0.81 
2925 0.80 
2926 0.80 
2927 0.80 
2928 0.80 
2929 0.80 
2930 0.80 
2931 0.80 
2932 0.80 
2933 0.80 
2934 0.80 
2935 0.80 
2936 0.80 
2937 0.80 
2938 0.80 
2939 0.80 
2940 0.80 
2941 0.80 
2942 0.80 
2943 0.80 
2944 0.79 
2945 0.79 
2946 0.79 
2947 0.79 
2948 0.79 
2949 0.79 
2950 0.79 
2951 0.79 
2952 0.79 
2953 0.79 
2954 0.79 
2955 0.79 
2956 0.79 
2957 0.79 
2958 0.79 
2959 0.79 
2960 0.79 
2961 0.79 
2962 0.79 
2963 0.78 
2964 0.78 
2965 0.78 
2966 0.78 
2967 0.78 
2968 0.78 
2969 0.78 
2970 0.78 
2971 0.78 
2972 0.78 
2973 0.78 
2974 0.78 
2975 0.78 
2976 0.78 
2977 0.78 
2978 0.78 
2979 0.78 
2980 0.78 
2981 0.78 
2982 0.78 
2983 0.77 
2984 0.77 
2985 0.77 
2986 0.77 
2987 0.77 
2988 0.77 
2989 0.77 
2990 0.77 
2991 0.77 
2992 0.77 
2993 0.77 
2994 0.77 
2995 0.77 
2996 0.77 
2997 0.77 
2998 0.77 
2999 0.77 
3000 0.77 
3001 0.77 
3002 0.77 
3003 0.76 
3004 0.76 
3005 0.76 
3006 0.76 
3007 0.76 
3008 0.76 
3009 0.76 
3010 0.76 
3011 0.76 
3012 0.76 
3013 0.76 
3014 0.76 
3015 0.76 
3016 0.76 
3017 0.76 
3018 0.76 
3019 0.76 
3020 0.76 
3021 0.76 
3022 0.75 
3023 0.75 
3024 0.75 
3025 0.75 
3026 0.75 
3027 0.75 
3028 0.75 
3029 0.75 
3030 0.75 
3031 0.75 
3032 0.75 
3033 0.75 
3034 0.75 
3035 0.75 
3036 0.75 
3037 0.75 
3038 0.75 
3039 0.75 
3040 0.75 
3041 0.75 
3042 0.75 
3043 0.74 
3044 0.74 
3045 0.74 
3046 0.74 
3047 0.74 
3048 0.74 
3049 0.74 
3050 0.74 
3051 0.74 
3052 0.74 
3053 0.74 
3054 0.74 
3055 0.74 
3056 0.74 
3057 0.74 
3058 0.74 
3059 0.74 
3060 0.74 
3061 0.74 
3062 0.74 
3063 0.74 
3064 0.74 
3065 0.74 
3066 0.73 
3067 0.73 
3068 0.73 
3069 0.73 
3070 0.73 
3071 0.73 
3072 0.73 
3073 0.73 
3074 0.73 
3075 0.73 
3076 0.73 
3077 0.73 
3078 0.73 
3079 0.73 
3080 0.73 
3081 0.73 
3082 0.73 
3083 0.73 
3084 0.73 
3085 0.73 
3086 0.73 
3087 0.73 
3088 0.73 
3089 0.73 
3090 0.72 
3091 0.72 
3092 0.72 
3093 0.72 
3094 0.72 
3095 0.72 
3096 0.72 
3097 0.72 
3098 0.72 
3099 0.72 
3100 0.72 
3101 0.72 
3102 0.72 
3103 0.72 
3104 0.72 
3105 0.72 
3106 0.72 
3107 0.72 
3108 0.72 
3109 0.72 
3110 0.72 
3111 0.72 
3112 0.72 
3113 0.71 
3114 0.71 
3115 0.71 
3116 0.71 
3117 0.71 
3118 0.71 
3119 0.71 
3120 0.71 
3121 0.71 
3122 0.71 
3123 0.71 
3124 0.71 
3125 0.71 
3126 0.71 
3127 0.71 
3128 0.71 
3129 0.71 
3130 0.71 
3131 0.71 
3132 0.71 
3133 0.71 
3134 0.71 
3135 0.71 
3136 0.71 
3137 0.70 
3138 0.70 
3139 0.70 
3140 0.70 
3141 0.70 
3142 0.70 
3143 0.70 
3144 0.70 
3145 0.70 
3146 0.70 
3147 0.70 
3148 0.70 
3149 0.70 
3150 0.70 
3151 0.70 
3152 0.70 
3153 0.70 
3154 0.70 
3155 0.70 
3156 0.70 
3157 0.70 
3158 0.70 
3159 0.70 
3160 0.70 
3161 0.70 
3162 0.69 
3163 0.69 
3164 0.69 
3165 0.69 
3166 0.69 
3167 0.69 
3168 0.69 
3169 0.69 
3170 0.69 
3171 0.69 
3172 0.69 
3173 0.69 
3174 0.69 
3175 0.69 
3176 0.69 
3177 0.69 
3178 0.69 
3179 0.69 
3180 0.69 
3181 0.69 
3182 0.69 
3183 0.69 
3184 0.69 
3185 0.69 
3186 0.69 
3187 0.69 
3188 0.68 
3189 0.68 
3190 0.68 
3191 0.68 
3192 0.68 
3193 0.68 
3194 0.68 
3195 0.68 
3196 0.68 
3197 0.68 
3198 0.68 
3199 0.68 
3200 0.68 
3201 0.68 
3202 0.68 
3203 0.68 
3204 0.68 
3205 0.68 
3206 0.68 
3207 0.68 
3208 0.68 
3209 0.68 
3210 0.68 
3211 0.68 
3212 0.68 
3213 0.68 
3214 0.68 
3215 0.68 
3216 0.67 
3217 0.67 
3218 0.67 
3219 0.67 
3220 0.67 
3221 0.67 
3222 0.67 
3223 0.67 
3224 0.67 
3225 0.67 
3226 0.67 
3227 0.67 
3228 0.67 
3229 0.67 
3230 0.67 
3231 0.67 
3232 0.67 
3233 0.67 
3234 0.67 
3235 0.67 
3236 0.67 
3237 0.67 
3238 0.67 
3239 0.67 
3240 0.67 
3241 0.66 
3242 0.66 
3243 0.66 
3244 0.66 
3245 0.66 
3246 0.66 
3247 0.66 
3248 0.66 
3249 0.66 
3250 0.66 
3251 0.66 
3252 0.66 
3253 0.66 
3254 0.66 
3255 0.66 
3256 0.66 
3257 0.66 
3258 0.66 
3259 0.66 
3260 0.66 
3261 0.66 
3262 0.66 
3263 0.66 
3264 0.66 
3265 0.66 
3266 0.66 
3267 0.66 
3268 0.65 
3269 0.65 
3270 0.65 
3271 0.65 
3272 0.65 
3273 0.65 
3274 0.65 
3275 0.65 
3276 0.65 
3277 0.65 
3278 0.65 
3279 0.65 
3280 0.65 
3281 0.65 
3282 0.65 
3283 0.65 
3284 0.65 
3285 0.65 
3286 0.65 
3287 0.65 
3288 0.65 
3289 0.65 
3290 0.65 
3291 0.65 
3292 0.65 
3293 0.65 
3294 0.65 
3295 0.65 
3296 0.64 
3297 0.64 
3298 0.64 
3299 0.64 
3300 0.64 
3301 0.64 
3302 0.64 
3303 0.64 
3304 0.64 
3305 0.64 
3306 0.64 
3307 0.64 
3308 0.64 
3309 0.64 
3310 0.64 
3311 0.64 
3312 0.64 
3313 0.64 
3314 0.64 
3315 0.64 
3316 0.64 
3317 0.64 
3318 0.64 
3319 0.64 
3320 0.64 
3321 0.64 
3322 0.64 
3323 0.64 
3324 0.63 
3325 0.63 
3326 0.63 
3327 0.63 
3328 0.63 
3329 0.63 
3330 0.63 
3331 0.63 
3332 0.63 
3333 0.63 
3334 0.63 
3335 0.63 
3336 0.63 
3337 0.63 
3338 0.63 
3339 0.63 
3340 0.63 
3341 0.63 
3342 0.63 
3343 0.63 
3344 0.63 
3345 0.63 
3346 0.63 
3347 0.63 
3348 0.63 
3349 0.63 
3350 0.63 
3351 0.63 
3352 0.63 
3353 0.63 
3354 0.63 
3355 0.62 
3356 0.62 
3357 0.62 
3358 0.62 
3359 0.62 
3360 0.62 
3361 0.62 
3362 0.62 
3363 0.62 
3364 0.62 
3365 0.62 
3366 0.62 
3367 0.62 
3368 0.62 
3369 0.62 
3370 0.62 
3371 0.62 
3372 0.62 
3373 0.62 
3374 0.62 
3375 0.62 
3376 0.62 
3377 0.62 
3378 0.62 
3379 0.62 
3380 0.62 
3381 0.62 
3382 0.62 
3383 0.62 
3384 0.62 
3385 0.62 
3386 0.61 
3387 0.61 
3388 0.61 
3389 0.61 
3390 0.61 
3391 0.61 
3392 0.61 
3393 0.61 
3394 0.61 
3395 0.61 
3396 0.61 
3397 0.61 
3398 0.61 
3399 0.61 
3400 0.61 
3401 0.61 
3402 0.61 
3403 0.61 
3404 0.61 
3405 0.61 
3406 0.61 
3407 0.61 
3408 0.61 
3409 0.61 
3410 0.61 
3411 0.61 
3412 0.61 
3413 0.61 
3414 0.61 
3415 0.61 
3416 0.61 
3417 0.61 
3418 0.61 
3419 0.61 
3420 0.61 
3421 0.60 
3422 0.60 
3423 0.60 
3424 0.60 
3425 0.60 
3426 0.60 
3427 0.60 
3428 0.60 
3429 0.60 
3430 0.60 
3431 0.60 
3432 0.60 
3433 0.60 
3434 0.60 
3435 0.60 
3436 0.60 
3437 0.60 
3438 0.60 
3439 0.60 
3440 0.60 
3441 0.60 
3442 0.60 
3443 0.60 
3444 0.60 
3445 0.60 
3446 0.60 
3447 0.60 
3448 0.60 
3449 0.60 
3450 0.60 
3451 0.60 
3452 0.60 
3453 0.60 
3454 0.60 
3455 0.60 
3456 0.60 
3457 0.59 
3458 0.59 
3459 0.59 
3460 0.59 
3461 0.59 
3462 0.59 
3463 0.59 
3464 0.59 
3465 0.59 
3466 0.59 
3467 0.59 
3468 0.59 
3469 0.59 
3470 0.59 
3471 0.59 
3472 0.59 
3473 0.59 
3474 0.59 
3475 0.59 
3476 0.59 
3477 0.59 
3478 0.59 
3479 0.59 
3480 0.59 
3481 0.59 
3482 0.59 
3483 0.59 
3484 0.59 
3485 0.59 
3486 0.59 
3487 0.59 
3488 0.59 
3489 0.59 
3490 0.58 
3491 0.58 
3492 0.58 
3493 0.58 
3494 0.58 
3495 0.58 
3496 0.58 
3497 0.58 
3498 0.58 
3499 0.58 
3500 0.58 
3501 0.58 
3502 0.58 
3503 0.58 
3504 0.58 
3505 0.58 
3506 0.58 
3507 0.58 
3508 0.58 
3509 0.58 
3510 0.58 
3511 0.58 
3512 0.58 
3513 0.58 
3514 0.58 
3515 0.58 
3516 0.58 
3517 0.58 
3518 0.58 
3519 0.58 
3520 0.58 
3521 0.58 
3522 0.58 
3523 0.58 
3524 0.57 
3525 0.57 
3526 0.57 
3527 0.57 
3528 0.57 
3529 0.57 
3530 0.57 
3531 0.57 
3532 0.57 
3533 0.57 
3534 0.57 
3535 0.57 
3536 0.57 
3537 0.57 
3538 0.57 
3539 0.57 
3540 0.57 
3541 0.57 
3542 0.57 
3543 0.57 
3544 0.57 
3545 0.57 
3546 0.57 
3547 0.57 
3548 0.57 
3549 0.57 
3550 0.57 
3551 0.57 
3552 0.57 
3553 0.57 
3554 0.57 
3555 0.57 
3556 0.57 
3557 0.57 
3558 0.57 
3559 0.57 
3560 0.56 
3561 0.56 
3562 0.56 
3563 0.56 
3564 0.56 
3565 0.56 
3566 0.56 
3567 0.56 
3568 0.56 
3569 0.56 
3570 0.56 
3571 0.56 
3572 0.56 
3573 0.56 
3574 0.56 
3575 0.56 
3576 0.56 
3577 0.56 
3578 0.56 
3579 0.56 
3580 0.56 
3581 0.56 
3582 0.56 
3583 0.56 
3584 0.56 
3585 0.56 
3586 0.56 
3587 0.56 
3588 0.56 
3589 0.56 
3590 0.56 
3591 0.56 
3592 0.56 
3593 0.56 
3594 0.56 
3595 0.56 
3596 0.56 
3597 0.56 
3598 0.56 
3599 0.56 
3600 0.55 
3601 0.55 
3602 0.55 
3603 0.55 
3604 0.55 
3605 0.55 
3606 0.55 
3607 0.55 
3608 0.55 
3609 0.55 
3610 0.55 
3611 0.55 
3612 0.55 
3613 0.55 
3614 0.55 
3615 0.55 
3616 0.55 
3617 0.55 
3618 0.55 
3619 0.55 
3620 0.55 
3621 0.55 
3622 0.55 
3623 0.55 
3624 0.55 
3625 0.55 
3626 0.55 
3627 0.55 
3628 0.55 
3629 0.55 
3630 0.55 
3631 0.55 
3632 0.55 
3633 0.55 
3634 0.55 
3635 0.55 
3636 0.55 
3637 0.55 
3638 0.54 
3639 0.54 
3640 0.54 
3641 0.54 
3642 0.54 
3643 0.54 
3644 0.54 
3645 0.54 
3646 0.54 
3647 0.54 
3648 0.54 
3649 0.54 
3650 0.54 
3651 0.54 
3652 0.54 
3653 0.54 
3654 0.54 
3655 0.54 
3656 0.54 
3657 0.54 
3658 0.54 
3659 0.54 
3660 0.54 
3661 0.54 
3662 0.54 
3663 0.54 
3664 0.54 
3665 0.54 
3666 0.54 
3667 0.54 
3668 0.54 
3669 0.54 
3670 0.54 
3671 0.54 
3672 0.54 
3673 0.54 
3674 0.54 
3675 0.54 
3676 0.54 
3677 0.54 
3678 0.54 
3679 0.54 
3680 0.53 
3681 0.53 
3682 0.53 
3683 0.53 
3684 0.53 
3685 0.53 
3686 0.53 
3687 0.53 
3688 0.53 
3689 0.53 
3690 0.53 
3691 0.53 
3692 0.53 
3693 0.53 
3694 0.53 
3695 0.53 
3696 0.53 
3697 0.53 
3698 0.53 
3699 0.53 
3700 0.53 
3701 0.53 
3702 0.53 
3703 0.53 
3704 0.53 
3705 0.53 
3706 0.53 
3707 0.53 
3708 0.53 
3709 0.53 
3710 0.53 
3711 0.53 
3712 0.53 
3713 0.53 
3714 0.53 
3715 0.53 
3716 0.53 
3717 0.53 
3718 0.53 
3719 0.53 
3720 0.52 
3721 0.52 
3722 0.52 
3723 0.52 
3724 0.52 
3725 0.52 
3726 0.52 
3727 0.52 
3728 0.52 
3729 0.52 
3730 0.52 
3731 0.52 
3732 0.52 
3733 0.52 
3734 0.52 
3735 0.52 
3736 0.52 
3737 0.52 
3738 0.52 
3739 0.52 
3740 0.52 
3741 0.52 
3742 0.52 
3743 0.52 
3744 0.52 
3745 0.52 
3746 0.52 
3747 0.52 
3748 0.52 
3749 0.52 
3750 0.52 
3751 0.52 
3752 0.52 
3753 0.52 
3754 0.52 
3755 0.52 
3756 0.52 
3757 0.52 
3758 0.52 
3759 0.52 
3760 0.52 
3761 0.52 
3762 0.51 
3763 0.51 
3764 0.51 
3765 0.51 
3766 0.51 
3767 0.51 
3768 0.51 
3769 0.51 
3770 0.51 
3771 0.51 
3772 0.51 
3773 0.51 
3774 0.51 
3775 0.51 
3776 0.51 
3777 0.51 
3778 0.51 
3779 0.51 
3780 0.51 
3781 0.51 
3782 0.51 
3783 0.51 
3784 0.51 
3785 0.51 
3786 0.51 
3787 0.51 
3788 0.51 
3789 0.51 
3790 0.51 
3791 0.51 
3792 0.51 
3793 0.51 
3794 0.51 
3795 0.51 
3796 0.51 
3797 0.51 
3798 0.51 
3799 0.51 
3800 0.51 
3801 0.51 
3802 0.51 
3803 0.51 
3804 0.51 
3805 0.51 
3806 0.50 
3807 0.50 
3808 0.50 
3809 0.50 
3810 0.50 
3811 0.50 
3812 0.50 
3813 0.50 
3814 0.50 
3815 0.50 
3816 0.50 
3817 0.50 
3818 0.50 
3819 0.50 
3820 0.50 
3821 0.50 
3822 0.50 
3823 0.50 
3824 0.50 
3825 0.50 
3826 0.50 
3827 0.50 
3828 0.50 
3829 0.50 
3830 0.50 
3831 0.50 
3832 0.50 
3833 0.50 
3834 0.50 
3835 0.50 
3836 0.50 
3837 0.50 
3838 0.50 
3839 0.50 
3840 0.50 
3841 0.50 
3842 0.50 
3843 0.50 
3844 0.50 
3845 0.50 
3846 0.50 
3847 0.50 
3848 0.50 
3849 0.50 
3850 0.50 
3851 0.50 
3852 0.49 
3853 0.49 
3854 0.49 
3855 0.49 
3856 0.49 
3857 0.49 
3858 0.49 
3859 0.49 
3860 0.49 
3861 0.49 
3862 0.49 
3863 0.49 
3864 0.49 
3865 0.49 
3866 0.49 
3867 0.49 
3868 0.49 
3869 0.49 
3870 0.49 
3871 0.49 
3872 0.49 
3873 0.49 
3874 0.49 
3875 0.49 
3876 0.49 
3877 0.49 
3878 0.49 
3879 0.49 
3880 0.49 
3881 0.49 
3882 0.49 
3883 0.49 
3884 0.49 
3885 0.49 
3886 0.49 
3887 0.49 
3888 0.49 
3889 0.49 
3890 0.49 
3891 0.49 
3892 0.49 
3893 0.49 
3894 0.49 
3895 0.49 
3896 0.49 
3897 0.49 
3898 0.49 
3899 0.49 
3900 0.48 
3901 0.48 
3902 0.48 
3903 0.48 
3904 0.48 
3905 0.48 
3906 0.48 
3907 0.48 
3908 0.48 
3909 0.48 
3910 0.48 
3911 0.48 
3912 0.48 
3913 0.48 
3914 0.48 
3915 0.48 
3916 0.48 
3917 0.48 
3918 0.48 
3919 0.48 
3920 0.48 
3921 0.48 
3922 0.48 
3923 0.48 
3924 0.48 
3925 0.48 
3926 0.48 
3927 0.48 
3928 0.48 
3929 0.48 
3930 0.48 
3931 0.48 
3932 0.48 
3933 0.48 
3934 0.48 
3935 0.48 
3936 0.48 
3937 0.48 
3938 0.48 
3939 0.48 
3940 0.48 
3941 0.48 
3942 0.48 
3943 0.48 
3944 0.48 
3945 0.48 
3946 0.48 
3947 0.48 
3948 0.48 
3949 0.48 
3950 0.47 
3951 0.47 
3952 0.47 
3953 0.47 
3954 0.47 
3955 0.47 
3956 0.47 
3957 0.47 
3958 0.47 
3959 0.47 
3960 0.47 
3961 0.47 
3962 0.47 
3963 0.47 
3964 0.47 
3965 0.47 
3966 0.47 
3967 0.47 
3968 0.47 
3969 0.47 
3970 0.47 
3971 0.47 
3972 0.47 
3973 0.47 
3974 0.47 
3975 0.47 
3976 0.47 
3977 0.47 
3978 0.47 
3979 0.47 
3980 0.47 
3981 0.47 
3982 0.47 
3983 0.47 
3984 0.47 
3985 0.47 
3986 0.47 
3987 0.47 
3988 0.47 
3989 0.47 
3990 0.47 
3991 0.47 
3992 0.47 
3993 0.47 
3994 0.47 
3995 0.47 
3996 0.47 
3997 0.47 
3998 0.47 
3999 0.47 
4000 0.47 
4001 0.47 
4002 0.46 
4003 0.46 
4004 0.46 
4005 0.46 
4006 0.46 
4007 0.46 
4008 0.46 
4009 0.46 
4010 0.46 
4011 0.46 
4012 0.46 
4013 0.46 
4014 0.46 
4015 0.46 
4016 0.46 
4017 0.46 
4018 0.46 
4019 0.46 
4020 0.46 
4021 0.46 
4022 0.46 
4023 0.46 
4024 0.46 
4025 0.46 
4026 0.46 
4027 0.46 
4028 0.46 
4029 0.46 
4030 0.46 
4031 0.46 
4032 0.46 
4033 0.46 
4034 0.46 
4035 0.46 
4036 0.46 
4037 0.46 
4038 0.46 
4039 0.46 
4040 0.46 
4041 0.46 
4042 0.46 
4043 0.46 
4044 0.46 
4045 0.46 
4046 0.46 
4047 0.46 
4048 0.46 
4049 0.46 
4050 0.46 
4051 0.46 
4052 0.46 
4053 0.46 
4054 0.46 
4055 0.46 
4056 0.46 
4057 0.46 
4058 0.46 
4059 0.46 
4060 0.46 
4061 0.45 
4062 0.45 
4063 0.45 
4064 0.45 
4065 0.45 
4066 0.45 
4067 0.45 
4068 0.45 
4069 0.45 
4070 0.45 
4071 0.45 
4072 0.45 
4073 0.45 
4074 0.45 
4075 0.45 
4076 0.45 
4077 0.45 
4078 0.45 
4079 0.45 
4080 0.45 
4081 0.45 
4082 0.45 
4083 0.45 
4084 0.45 
4085 0.45 
4086 0.45 
4087 0.45 
4088 0.45 
4089 0.45 
4090 0.45 
4091 0.45 
4092 0.45 
4093 0.45 
4094 0.45 
4095 0.45 
4096 0.45 
4097 0.45 
4098 0.45 
4099 0.45 
4100 0.45 
4101 0.45 
4102 0.45 
4103 0.45 
4104 0.45 
4105 0.45 
4106 0.45 
4107 0.45 
4108 0.45 
4109 0.45 
4110 0.45 
4111 0.45 
4112 0.45 
4113 0.45 
4114 0.45 
4115 0.45 
4116 0.45 
4117 0.45 
4118 0.45 
4119 0.44 
4120 0.44 
4121 0.44 
4122 0.44 
4123 0.44 
4124 0.44 
4125 0.44 
4126 0.44 
4127 0.44 
4128 0.44 
4129 0.44 
4130 0.44 
4131 0.44 
4132 0.44 
4133 0.44 
4134 0.44 
4135 0.44 
4136 0.44 
4137 0.44 
4138 0.44 
4139 0.44 
4140 0.44 
4141 0.44 
4142 0.44 
4143 0.44 
4144 0.44 
4145 0.44 
4146 0.44 
4147 0.44 
4148 0.44 
4149 0.44 
4150 0.44 
4151 0.44 
4152 0.44 
4153 0.44 
4154 0.44 
4155 0.44 
4156 0.44 
4157 0.44 
4158 0.44 
4159 0.44 
4160 0.44 
4161 0.44 
4162 0.44 
4163 0.44 
4164 0.44 
4165 0.44 
4166 0.44 
4167 0.44 
4168 0.44 
4169 0.44 
4170 0.44 
4171 0.44 
4172 0.44 
4173 0.44 
4174 0.44 
4175 0.44 
4176 0.44 
4177 0.44 
4178 0.44 
4179 0.44 
4180 0.44 
4181 0.44 
4182 0.44 
4183 0.44 
4184 0.44 
4185 0.44 
4186 0.44 
4187 0.43 
4188 0.43 
4189 0.43 
4190 0.43 
4191 0.43 
4192 0.43 
4193 0.43 
4194 0.43 
4195 0.43 
4196 0.43 
4197 0.43 
4198 0.43 
4199 0.43 
4200 0.43 
4201 0.43 
4202 0.43 
4203 0.43 
4204 0.43 
4205 0.43 
4206 0.43 
4207 0.43 
4208 0.43 
4209 0.43 
4210 0.43 
4211 0.43 
4212 0.43 
4213 0.43 
4214 0.43 
4215 0.43 
4216 0.43 
4217 0.43 
4218 0.43 
4219 0.43 
4220 0.43 
4221 0.43 
4222 0.43 
4223 0.43 
4224 0.43 
4225 0.43 
4226 0.43 
4227 0.43 
4228 0.43 
4229 0.43 
4230 0.43 
4231 0.43 
4232 0.43 
4233 0.43 
4234 0.43 
4235 0.43 
4236 0.43 
4237 0.43 
4238 0.43 
4239 0.43 
4240 0.43 
4241 0.43 
4242 0.43 
4243 0.43 
4244 0.43 
4245 0.43 
4246 0.43 
4247 0.43 
4248 0.43 
4249 0.43 
4250 0.43 
4251 0.43 
4252 0.43 
4253 0.43 
4254 0.43 
4255 0.43 
4256 0.43 
4257 0.43 
4258 0.43 
4259 0.43 
4260 0.43 
4261 0.43 
4262 0.42 
4263 0.42 
4264 0.42 
4265 0.42 
4266 0.42 
4267 0.42 
4268 0.42 
4269 0.42 
4270 0.42 
4271 0.42 
4272 0.42 
4273 0.42 
4274 0.42 
4275 0.42 
4276 0.42 
4277 0.42 
4278 0.42 
4279 0.42 
4280 0.42 
4281 0.42 
4282 0.42 
4283 0.42 
4284 0.42 
4285 0.42 
4286 0.42 
4287 0.42 
4288 0.42 
4289 0.42 
4290 0.42 
4291 0.42 
4292 0.42 
4293 0.42 
4294 0.42 
4295 0.42 
4296 0.42 
4297 0.42 
4298 0.42 
4299 0.42 
4300 0.42 
4301 0.42 
4302 0.42 
4303 0.42 
4304 0.42 
4305 0.42 
4306 0.42 
4307 0.42 
4308 0.42 
4309 0.42 
4310 0.42 
4311 0.42 
4312 0.42 
4313 0.42 
4314 0.42 
4315 0.42 
4316 0.42 
4317 0.42 
4318 0.42 
4319 0.42 
4320 0.42 
4321 0.42 
4322 0.42 
4323 0.42 
4324 0.42 
4325 0.42 
4326 0.42 
4327 0.42 
4328 0.42 
4329 0.42 
4330 0.42 
4331 0.42 
4332 0.42 
4333 0.42 
4334 0.42 
4335 0.41 
4336 0.41 
4337 0.41 
4338 0.41 
4339 0.41 
4340 0.41 
4341 0.41 
4342 0.41 
4343 0.41 
4344 0.41 
4345 0.41 
4346 0.41 
4347 0.41 
4348 0.41 
4349 0.41 
4350 0.41 
4351 0.41 
4352 0.41 
4353 0.41 
4354 0.41 
4355 0.41 
4356 0.41 
4357 0.41 
4358 0.41 
4359 0.41 
4360 0.41 
4361 0.41 
4362 0.41 
4363 0.41 
4364 0.41 
4365 0.41 
4366 0.41 
4367 0.41 
4368 0.41 
4369 0.41 
4370 0.41 
4371 0.41 
4372 0.41 
4373 0.41 
4374 0.41 
4375 0.41 
4376 0.41 
4377 0.41 
4378 0.41 
4379 0.41 
4380 0.41 
4381 0.41 
4382 0.41 
4383 0.41 
4384 0.41 
4385 0.41 
4386 0.41 
4387 0.41 
4388 0.41 
4389 0.41 
4390 0.41 
4391 0.41 
4392 0.41 
4393 0.41 
4394 0.41 
4395 0.41 
4396 0.41 
4397 0.41 
4398 0.41 
4399 0.41 
4400 0.41 
4401 0.41 
4402 0.41 
4403 0.41 
4404 0.41 
4405 0.41 
4406 0.41 
4407 0.41 
4408 0.41 
4409 0.41 
4410 0.41 
4411 0.41 
4412 0.41 
4413 0.40 
4414 0.40 
4415 0.40 
4416 0.40 
4417 0.40 
4418 0.40 
4419 0.40 
4420 0.40 
4421 0.40 
4422 0.40 
4423 0.40 
4424 0.40 
4425 0.40 
4426 0.40 
4427 0.40 
4428 0.40 
4429 0.40 
4430 0.40 
4431 0.40 
4432 0.40 
4433 0.40 
4434 0.40 
4435 0.40 
4436 0.40 
4437 0.40 
4438 0.40 
4439 0.40 
4440 0.40 
4441 0.40 
4442 0.40 
4443 0.40 
4444 0.40 
4445 0.40 
4446 0.40 
4447 0.40 
4448 0.40 
4449 0.40 
4450 0.40 
4451 0.40 
4452 0.40 
4453 0.40 
4454 0.40 
4455 0.40 
4456 0.40 
4457 0.40 
4458 0.40 
4459 0.40 
4460 0.40 
4461 0.40 
4462 0.40 
4463 0.40 
4464 0.40 
4465 0.40 
4466 0.40 
4467 0.40 
4468 0.40 
4469 0.40 
4470 0.40 
4471 0.40 
4472 0.40 
4473 0.40 
4474 0.40 
4475 0.40 
4476 0.40 
4477 0.40 
4478 0.40 
4479 0.40 
4480 0.40 
4481 0.40 
4482 0.40 
4483 0.40 
4484 0.40 
4485 0.40 
4486 0.40 
4487 0.40 
4488 0.40 
4489 0.40 
4490 0.40 
4491 0.40 
4492 0.40 
4493 0.40 
4494 0.40 
4495 0.40 
4496 0.39 
4497 0.39 
4498 0.39 
4499 0.39 
4500 0.39 
4501 0.39 
4502 0.39 
4503 0.39 
4504 0.39 
4505 0.39 
4506 0.39 
4507 0.39 
4508 0.39 
4509 0.39 
4510 0.39 
4511 0.39 
4512 0.39 
4513 0.39 
4514 0.39 
4515 0.39 
4516 0.39 
4517 0.39 
4518 0.39 
4519 0.39 
4520 0.39 
4521 0.39 
4522 0.39 
4523 0.39 
4524 0.39 
4525 0.39 
4526 0.39 
4527 0.39 
4528 0.39 
4529 0.39 
4530 0.39 
4531 0.39 
4532 0.39 
4533 0.39 
4534 0.39 
4535 0.39 
4536 0.39 
4537 0.39 
4538 0.39 
4539 0.39 
4540 0.39 
4541 0.39 
4542 0.39 
4543 0.39 
4544 0.39 
4545 0.39 
4546 0.39 
4547 0.39 
4548 0.39 
4549 0.39 
4550 0.39 
4551 0.39 
4552 0.39 
4553 0.39 
4554 0.39 
4555 0.39 
4556 0.39 
4557 0.39 
4558 0.39 
4559 0.39 
4560 0.39 
4561 0.39 
4562 0.39 
4563 0.39 
4564 0.39 
4565 0.39 
4566 0.39 
4567 0.39 
4568 0.39 
4569 0.39 
4570 0.39 
4571 0.39 
4572 0.39 
4573 0.39 
4574 0.39 
4575 0.39 
4576 0.39 
4577 0.39 
4578 0.39 
4579 0.38 
4580 0.38 
4581 0.38 
4582 0.38 
4583 0.38 
4584 0.38 
4585 0.38 
4586 0.38 
4587 0.38 
4588 0.38 
4589 0.38 
4590 0.38 
4591 0.38 
4592 0.38 
4593 0.38 
4594 0.38 
4595 0.38 
4596 0.38 
4597 0.38 
4598 0.38 
4599 0.38 
4600 0.38 
4601 0.38 
4602 0.38 
4603 0.38 
4604 0.38 
4605 0.38 
4606 0.38 
4607 0.38 
4608 0.38 
4609 0.38 
4610 0.38 
4611 0.38 
4612 0.38 
4613 0.38 
4614 0.38 
4615 0.38 
4616 0.38 
4617 0.38 
4618 0.38 
4619 0.38 
4620 0.38 
4621 0.38 
4622 0.38 
4623 0.38 
4624 0.38 
4625 0.38 
4626 0.38 
4627 0.38 
4628 0.38 
4629 0.38 
4630 0.38 
4631 0.38 
4632 0.38 
4633 0.38 
4634 0.38 
4635 0.38 
4636 0.38 
4637 0.38 
4638 0.38 
4639 0.38 
4640 0.38 
4641 0.38 
4642 0.38 
4643 0.38 
4644 0.38 
4645 0.38 
4646 0.38 
4647 0.38 
4648 0.38 
4649 0.38 
4650 0.38 
4651 0.38 
4652 0.38 
4653 0.38 
4654 0.38 
4655 0.38 
4656 0.38 
4657 0.38 
4658 0.38 
4659 0.38 
4660 0.38 
4661 0.38 
4662 0.38 
4663 0.37 
4664 0.37 
4665 0.37 
4666 0.37 
4667 0.37 
4668 0.37 
4669 0.37 
4670 0.37 
4671 0.37 
4672 0.37 
4673 0.37 
4674 0.37 
4675 0.37 
4676 0.37 
4677 0.37 
4678 0.37 
4679 0.37 
4680 0.37 
4681 0.37 
4682 0.37 
4683 0.37 
4684 0.37 
4685 0.37 
4686 0.37 
4687 0.37 
4688 0.37 
4689 0.37 
4690 0.37 
4691 0.37 
4692 0.37 
4693 0.37 
4694 0.37 
4695 0.37 
4696 0.37 
4697 0.37 
4698 0.37 
4699 0.37 
4700 0.37 
4701 0.37 
4702 0.37 
4703 0.37 
4704 0.37 
4705 0.37 
4706 0.37 
4707 0.37 
4708 0.37 
4709 0.37 
4710 0.37 
4711 0.37 
4712 0.37 
4713 0.37 
4714 0.37 
4715 0.37 
4716 0.37 
4717 0.37 
4718 0.37 
4719 0.37 
4720 0.37 
4721 0.37 
4722 0.37 
4723 0.37 
4724 0.37 
4725 0.37 
4726 0.37 
4727 0.37 
4728 0.37 
4729 0.37 
4730 0.37 
4731 0.37 
4732 0.37 
4733 0.37 
4734 0.37 
4735 0.37 
4736 0.37 
4737 0.37 
4738 0.37 
4739 0.37 
4740 0.37 
4741 0.37 
4742 0.37 
4743 0.37 
4744 0.37 
4745 0.37 
4746 0.37 
4747 0.37 
4748 0.36 
4749 0.36 
4750 0.36 
4751 0.36 
4752 0.36 
4753 0.36 
4754 0.36 
4755 0.36 
4756 0.36 
4757 0.36 
4758 0.36 
4759 0.36 
4760 0.36 
4761 0.36 
4762 0.36 
4763 0.36 
4764 0.36 
4765 0.36 
4766 0.36 
4767 0.36 
4768 0.36 
4769 0.36 
4770 0.36 
4771 0.36 
4772 0.36 
4773 0.36 
4774 0.36 
4775 0.36 
4776 0.36 
4777 0.36 
4778 0.36 
4779 0.36 
4780 0.36 
4781 0.36 
4782 0.36 
4783 0.36 
4784 0.36 
4785 0.36 
4786 0.36 
4787 0.36 
4788 0.36 
4789 0.36 
4790 0.36 
4791 0.36 
4792 0.36 
4793 0.36 
4794 0.36 
4795 0.36 
4796 0.36 
4797 0.36 
4798 0.36 
4799 0.36 
4800 0.36 
4801 0.36 
4802 0.36 
4803 0.36 
4804 0.36 
4805 0.36 
4806 0.36 
4807 0.36 
4808 0.36 
4809 0.36 
4810 0.36 
4811 0.36 
4812 0.36 
4813 0.36 
4814 0.36 
4815 0.36 
4816 0.36 
4817 0.36 
4818 0.36 
4819 0.36 
4820 0.36 
4821 0.36 
4822 0.36 
4823 0.36 
4824 0.36 
4825 0.36 
4826 0.36 
4827 0.36 
4828 0.36 
4829 0.36 
4830 0.36 
4831 0.36 
4832 0.36 
4833 0.36 
4834 0.36 
4835 0.36 
4836 0.36 
4837 0.36 
4838 0.36 
4839 0.36 
4840 0.36 
4841 0.35 
4842 0.35 
4843 0.35 
4844 0.35 
4845 0.35 
4846 0.35 
4847 0.35 
4848 0.35 
4849 0.35 
4850 0.35 
4851 0.35 
4852 0.35 
4853 0.35 
4854 0.35 
4855 0.35 
4856 0.35 
4857 0.35 
4858 0.35 
4859 0.35 
4860 0.35 
4861 0.35 
4862 0.35 
4863 0.35 
4864 0.35 
4865 0.35 
4866 0.35 
4867 0.35 
4868 0.35 
4869 0.35 
4870 0.35 
4871 0.35 
4872 0.35 
4873 0.35 
4874 0.35 
4875 0.35 
4876 0.35 
4877 0.35 
4878 0.35 
4879 0.35 
4880 0.35 
4881 0.35 
4882 0.35 
4883 0.35 
4884 0.35 
4885 0.35 
4886 0.35 
4887 0.35 
4888 0.35 
4889 0.35 
4890 0.35 
4891 0.35 
4892 0.35 
4893 0.35 
4894 0.35 
4895 0.35 
4896 0.35 
4897 0.35 
4898 0.35 
4899 0.35 
4900 0.35 
4901 0.35 
4902 0.35 
4903 0.35 
4904 0.35 
4905 0.35 
4906 0.35 
4907 0.35 
4908 0.35 
4909 0.35 
4910 0.35 
4911 0.35 
4912 0.35 
4913 0.35 
4914 0.35 
4915 0.35 
4916 0.35 
4917 0.35 
4918 0.35 
4919 0.35 
4920 0.35 
4921 0.35 
4922 0.35 
4923 0.35 
4924 0.35 
4925 0.35 
4926 0.35 
4927 0.35 
4928 0.35 
4929 0.35 
4930 0.35 
4931 0.35 
4932 0.35 
4933 0.35 
4934 0.35 
4935 0.34 
4936 0.34 
4937 0.34 
4938 0.34 
4939 0.34 
4940 0.34 
4941 0.34 
4942 0.34 
4943 0.34 
4944 0.34 
4945 0.34 
4946 0.34 
4947 0.34 
4948 0.34 
4949 0.34 
4950 0.34 
4951 0.34 
4952 0.34 
4953 0.34 
4954 0.34 
4955 0.34 
4956 0.34 
4957 0.34 
4958 0.34 
4959 0.34 
4960 0.34 
4961 0.34 
4962 0.34 
4963 0.34 
4964 0.34 
4965 0.34 
4966 0.34 
4967 0.34 
4968 0.34 
4969 0.34 
4970 0.34 
4971 0.34 
4972 0.34 
4973 0.34 
4974 0.34 
4975 0.34 
4976 0.34 
4977 0.34 
4978 0.34 
4979 0.34 
4980 0.34 
4981 0.34 
4982 0.34 
4983 0.34 
4984 0.34 
4985 0.34 
4986 0.34 
4987 0.34 
4988 0.34 
4989 0.34 
4990 0.34 
4991 0.34 
4992 0.34 
4993 0.34 
4994 0.34 
4995 0.34 
4996 0.34 
4997 0.34 
4998 0.34 
4999 0.34 
5000 0.34 
5001 0.34 
5002 0.34 
5003 0.34 
5004 0.34 
5005 0.34 
5006 0.34 
5007 0.34 
5008 0.34 
5009 0.34 
5010 0.34 
5011 0.34 
5012 0.34 
5013 0.34 
5014 0.34 
5015 0.34 
5016 0.34 
5017 0.34 
5018 0.34 
5019 0.34 
5020 0.34 
5021 0.34 
5022 0.34 
5023 0.34 
5024 0.34 
5025 0.34 
5026 0.34 
5027 0.34 
5028 0.34 
5029 0.34 
5030 0.34 
5031 0.34 
5032 0.34 
5033 0.34 
5034 0.34 
5035 0.34 
5036 0.34 
5037 0.34 
5038 0.34 
5039 0.34 
5040 0.34 
5041 0.33 
5042 0.33 
5043 0.33 
5044 0.33 
5045 0.33 
5046 0.33 
5047 0.33 
5048 0.33 
5049 0.33 
5050 0.33 
5051 0.33 
5052 0.33 
5053 0.33 
5054 0.33 
5055 0.33 
5056 0.33 
5057 0.33 
5058 0.33 
5059 0.33 
5060 0.33 
5061 0.33 
5062 0.33 
5063 0.33 
5064 0.33 
5065 0.33 
5066 0.33 
5067 0.33 
5068 0.33 
5069 0.33 
5070 0.33 
5071 0.33 
5072 0.33 
5073 0.33 
5074 0.33 
5075 0.33 
5076 0.33 
5077 0.33 
5078 0.33 
5079 0.33 
5080 0.33 
5081 0.33 
5082 0.33 
5083 0.33 
5084 0.33 
5085 0.33 
5086 0.33 
5087 0.33 
5088 0.33 
5089 0.33 
5090 0.33 
5091 0.33 
5092 0.33 
5093 0.33 
5094 0.33 
5095 0.33 
5096 0.33 
5097 0.33 
5098 0.33 
5099 0.33 
5100 0.33 
5101 0.33 
5102 0.33 
5103 0.33 
5104 0.33 
5105 0.33 
5106 0.33 
5107 0.33 
5108 0.33 
5109 0.33 
5110 0.33 
5111 0.33 
5112 0.33 
5113 0.33 
5114 0.33 
5115 0.33 
5116 0.33 
5117 0.33 
5118 0.33 
5119 0.33 
5120 0.33 
5121 0.33 
5122 0.33 
5123 0.33 
5124 0.33 
5125 0.33 
5126 0.33 
5127 0.33 
5128 0.33 
5129 0.33 
5130 0.33 
5131 0.33 
5132 0.33 
5133 0.33 
5134 0.33 
5135 0.33 
5136 0.33 
5137 0.33 
5138 0.33 
5139 0.33 
5140 0.33 
5141 0.33 
5142 0.33 
5143 0.33 
5144 0.33 
5145 0.33 
5146 0.33 
5147 0.33 
5148 0.33 
5149 0.33 
5150 0.33 
5151 0.33 
5152 0.33 
5153 0.32 
5154 0.32 
5155 0.32 
5156 0.32 
5157 0.32 
5158 0.32 
5159 0.32 
5160 0.32 
5161 0.32 
5162 0.32 
5163 0.32 
5164 0.32 
5165 0.32 
5166 0.32 
5167 0.32 
5168 0.32 
5169 0.32 
5170 0.32 
5171 0.32 
5172 0.32 
5173 0.32 
5174 0.32 
5175 0.32 
5176 0.32 
5177 0.32 
5178 0.32 
5179 0.32 
5180 0.32 
5181 0.32 
5182 0.32 
5183 0.32 
5184 0.32 
5185 0.32 
5186 0.32 
5187 0.32 
5188 0.32 
5189 0.32 
5190 0.32 
5191 0.32 
5192 0.32 
5193 0.32 
5194 0.32 
5195 0.32 
5196 0.32 
5197 0.32 
5198 0.32 
5199 0.32 
5200 0.32 
5201 0.32 
5202 0.32 
5203 0.32 
5204 0.32 
5205 0.32 
5206 0.32 
5207 0.32 
5208 0.32 
5209 0.32 
5210 0.32 
5211 0.32 
5212 0.32 
5213 0.32 
5214 0.32 
5215 0.32 
5216 0.32 
5217 0.32 
5218 0.32 
5219 0.32 
5220 0.32 
5221 0.32 
5222 0.32 
5223 0.32 
5224 0.32 
5225 0.32 
5226 0.32 
5227 0.32 
5228 0.32 
5229 0.32 
5230 0.32 
5231 0.32 
5232 0.32 
5233 0.32 
5234 0.32 
5235 0.32 
5236 0.32 
5237 0.32 
5238 0.32 
5239 0.32 
5240 0.32 
5241 0.32 
5242 0.32 
5243 0.32 
5244 0.32 
5245 0.32 
5246 0.32 
5247 0.32 
5248 0.32 
5249 0.32 
5250 0.32 
5251 0.32 
5252 0.32 
5253 0.32 
5254 0.32 
5255 0.32 
5256 0.32 
5257 0.32 
5258 0.32 
5259 0.32 
5260 0.32 
5261 0.32 
5262 0.32 
5263 0.32 
5264 0.32 
5265 0.32 
5266 0.32 
5267 0.32 
5268 0.32 
5269 0.32 
5270 0.32 
5271 0.32 
5272 0.32 
5273 0.32 
5274 0.31 
5275 0.31 
5276 0.31 
5277 0.31 
5278 0.31 
5279 0.31 
5280 0.31 
5281 0.31 
5282 0.31 
5283 0.31 
5284 0.31 
5285 0.31 
5286 0.31 
5287 0.31 
5288 0.31 
5289 0.31 
5290 0.31 
5291 0.31 
5292 0.31 
5293 0.31 
5294 0.31 
5295 0.31 
5296 0.31 
5297 0.31 
5298 0.31 
5299 0.31 
5300 0.31 
5301 0.31 
5302 0.31 
5303 0.31 
5304 0.31 
5305 0.31 
5306 0.31 
5307 0.31 
5308 0.31 
5309 0.31 
5310 0.31 
5311 0.31 
5312 0.31 
5313 0.31 
5314 0.31 
5315 0.31 
5316 0.31 
5317 0.31 
5318 0.31 
5319 0.31 
5320 0.31 
5321 0.31 
5322 0.31 
5323 0.31 
5324 0.31 
5325 0.31 
5326 0.31 
5327 0.31 
5328 0.31 
5329 0.31 
5330 0.31 
5331 0.31 
5332 0.31 
5333 0.31 
5334 0.31 
5335 0.31 
5336 0.31 
5337 0.31 
5338 0.31 
5339 0.31 
5340 0.31 
5341 0.31 
5342 0.31 
5343 0.31 
5344 0.31 
5345 0.31 
5346 0.31 
5347 0.31 
5348 0.31 
5349 0.31 
5350 0.31 
5351 0.31 
5352 0.31 
5353 0.31 
5354 0.31 
5355 0.31 
5356 0.31 
5357 0.31 
5358 0.31 
5359 0.31 
5360 0.31 
5361 0.31 
5362 0.31 
5363 0.31 
5364 0.31 
5365 0.31 
5366 0.31 
5367 0.31 
5368 0.31 
5369 0.31 
5370 0.31 
5371 0.31 
5372 0.31 
5373 0.31 
5374 0.31 
5375 0.31 
5376 0.31 
5377 0.31 
5378 0.31 
5379 0.31 
5380 0.31 
5381 0.31 
5382 0.31 
5383 0.31 
5384 0.31 
5385 0.31 
5386 0.31 
5387 0.31 
5388 0.31 
5389 0.31 
5390 0.31 
5391 0.31 
5392 0.31 
5393 0.31 
5394 0.31 
5395 0.31 
5396 0.31 
5397 0.31 
5398 0.31 
5399 0.30 
5400 0.30 
5401 0.30 
5402 0.30 
5403 0.30 
5404 0.30 
5405 0.30 
5406 0.30 
5407 0.30 
5408 0.30 
5409 0.30 
5410 0.30 
5411 0.30 
5412 0.30 
5413 0.30 
5414 0.30 
5415 0.30 
5416 0.30 
5417 0.30 
5418 0.30 
5419 0.30 
5420 0.30 
5421 0.30 
5422 0.30 
5423 0.30 
5424 0.30 
5425 0.30 
5426 0.30 
5427 0.30 
5428 0.30 
5429 0.30 
5430 0.30 
5431 0.30 
5432 0.30 
5433 0.30 
5434 0.30 
5435 0.30 
5436 0.30 
5437 0.30 
5438 0.30 
5439 0.30 
5440 0.30 
5441 0.30 
5442 0.30 
5443 0.30 
5444 0.30 
5445 0.30 
5446 0.30 
5447 0.30 
5448 0.30 
5449 0.30 
5450 0.30 
5451 0.30 
5452 0.30 
5453 0.30 
5454 0.30 
5455 0.30 
5456 0.30 
5457 0.30 
5458 0.30 
5459 0.30 
5460 0.30 
5461 0.30 
5462 0.30 
5463 0.30 
5464 0.30 
5465 0.30 
5466 0.30 
5467 0.30 
5468 0.30 
5469 0.30 
5470 0.30 
5471 0.30 
5472 0.30 
5473 0.30 
5474 0.30 
5475 0.30 
5476 0.30 
5477 0.30 
5478 0.30 
5479 0.30 
5480 0.30 
5481 0.30 
5482 0.30 
5483 0.30 
5484 0.30 
5485 0.30 
5486 0.30 
5487 0.30 
5488 0.30 
5489 0.30 
5490 0.30 
5491 0.30 
5492 0.30 
5493 0.30 
5494 0.30 
5495 0.30 
5496 0.30 
5497 0.30 
5498 0.30 
5499 0.30 
5500 0.30 
5501 0.30 
5502 0.30 
5503 0.30 
5504 0.30 
5505 0.30 
5506 0.30 
5507 0.30 
5508 0.30 
5509 0.30 
5510 0.30 
5511 0.30 
5512 0.30 
5513 0.30 
5514 0.30 
5515 0.30 
5516 0.30 
5517 0.30 
5518 0.30 
5519 0.30 
5520 0.30 
5521 0.30 
5522 0.30 
5523 0.30 
5524 0.30 
5525 0.30 
5526 0.30 
5527 0.30 
5528 0.30 
5529 0.30 
5530 0.30 
5531 0.30 
5532 0.29 
5533 0.29 
5534 0.29 
5535 0.29 
5536 0.29 
5537 0.29 
5538 0.29 
5539 0.29 
5540 0.29 
5541 0.29 
5542 0.29 
5543 0.29 
5544 0.29 
5545 0.29 
5546 0.29 
5547 0.29 
5548 0.29 
5549 0.29 
5550 0.29 
5551 0.29 
5552 0.29 
5553 0.29 
5554 0.29 
5555 0.29 
5556 0.29 
5557 0.29 
5558 0.29 
5559 0.29 
5560 0.29 
5561 0.29 
5562 0.29 
5563 0.29 
5564 0.29 
5565 0.29 
5566 0.29 
5567 0.29 
5568 0.29 
5569 0.29 
5570 0.29 
5571 0.29 
5572 0.29 
5573 0.29 
5574 0.29 
5575 0.29 
5576 0.29 
5577 0.29 
5578 0.29 
5579 0.29 
5580 0.29 
5581 0.29 
5582 0.29 
5583 0.29 
5584 0.29 
5585 0.29 
5586 0.29 
5587 0.29 
5588 0.29 
5589 0.29 
5590 0.29 
5591 0.29 
5592 0.29 
5593 0.29 
5594 0.29 
5595 0.29 
5596 0.29 
5597 0.29 
5598 0.29 
5599 0.29 
5600 0.29 
5601 0.29 
5602 0.29 
5603 0.29 
5604 0.29 
5605 0.29 
5606 0.29 
5607 0.29 
5608 0.29 
5609 0.29 
5610 0.29 
5611 0.29 
5612 0.29 
5613 0.29 
5614 0.29 
5615 0.29 
5616 0.29 
5617 0.29 
5618 0.29 
5619 0.29 
5620 0.29 
5621 0.29 
5622 0.29 
5623 0.29 
5624 0.29 
5625 0.29 
5626 0.29 
5627 0.29 
5628 0.29 
5629 0.29 
5630 0.29 
5631 0.29 
5632 0.29 
5633 0.29 
5634 0.29 
5635 0.29 
5636 0.29 
5637 0.29 
5638 0.29 
5639 0.29 
5640 0.29 
5641 0.29 
5642 0.29 
5643 0.29 
5644 0.29 
5645 0.29 
5646 0.29 
5647 0.29 
5648 0.29 
5649 0.29 
5650 0.29 
5651 0.29 
5652 0.29 
5653 0.29 
5654 0.29 
5655 0.29 
5656 0.29 
5657 0.29 
5658 0.29 
5659 0.29 
5660 0.29 
5661 0.29 
5662 0.29 
5663 0.29 
5664 0.29 
5665 0.29 
5666 0.29 
5667 0.29 
5668 0.29 
5669 0.29 
5670 0.29 
5671 0.29 
5672 0.28 
5673 0.28 
5674 0.28 
5675 0.28 
5676 0.28 
5677 0.28 
5678 0.28 
5679 0.28 
5680 0.28 
5681 0.28 
5682 0.28 
5683 0.28 
5684 0.28 
5685 0.28 
5686 0.28 
5687 0.28 
5688 0.28 
5689 0.28 
5690 0.28 
5691 0.28 
5692 0.28 
5693 0.28 
5694 0.28 
5695 0.28 
5696 0.28 
5697 0.28 
5698 0.28 
5699 0.28 
5700 0.28 
5701 0.28 
5702 0.28 
5703 0.28 
5704 0.28 
5705 0.28 
5706 0.28 
5707 0.28 
5708 0.28 
5709 0.28 
5710 0.28 
5711 0.28 
5712 0.28 
5713 0.28 
5714 0.28 
5715 0.28 
5716 0.28 
5717 0.28 
5718 0.28 
5719 0.28 
5720 0.28 
5721 0.28 
5722 0.28 
5723 0.28 
5724 0.28 
5725 0.28 
5726 0.28 
5727 0.28 
5728 0.28 
5729 0.28 
5730 0.28 
5731 0.28 
5732 0.28 
5733 0.28 
5734 0.28 
5735 0.28 
5736 0.28 
5737 0.28 
5738 0.28 
5739 0.28 
5740 0.28 
5741 0.28 
5742 0.28 
5743 0.28 
5744 0.28 
5745 0.28 
5746 0.28 
5747 0.28 
5748 0.28 
5749 0.28 
5750 0.28 
5751 0.28 
5752 0.28 
5753 0.28 
5754 0.28 
5755 0.28 
5756 0.28 
5757 0.28 
5758 0.28 
5759 0.28 
5760 0.28 
5761 0.28 
5762 0.28 
5763 0.28 
5764 0.28 
5765 0.28 
5766 0.28 
5767 0.28 
5768 0.28 
5769 0.28 
5770 0.28 
5771 0.28 
5772 0.28 
5773 0.28 
5774 0.28 
5775 0.28 
5776 0.28 
5777 0.28 
5778 0.28 
5779 0.28 
5780 0.28 
5781 0.28 
5782 0.28 
5783 0.28 
5784 0.28 
5785 0.28 
5786 0.28 
5787 0.28 
5788 0.28 
5789 0.28 
5790 0.28 
5791 0.28 
5792 0.28 
5793 0.28 
5794 0.28 
5795 0.28 
5796 0.28 
5797 0.28 
5798 0.28 
5799 0.28 
5800 0.28 
5801 0.28 
5802 0.28 
5803 0.28 
5804 0.28 
5805 0.28 
5806 0.28 
5807 0.28 
5808 0.28 
5809 0.28 
5810 0.28 
5811 0.28 
5812 0.28 
5813 0.28 
5814 0.28 
5815 0.28 
5816 0.28 
5817 0.28 
5818 0.28 
5819 0.28 
5820 0.28 
5821 0.28 
5822 0.27 
5823 0.27 
5824 0.27 
5825 0.27 
5826 0.27 
5827 0.27 
5828 0.27 
5829 0.27 
5830 0.27 
5831 0.27 
5832 0.27 
5833 0.27 
5834 0.27 
5835 0.27 
5836 0.27 
5837 0.27 
5838 0.27 
5839 0.27 
5840 0.27 
5841 0.27 
5842 0.27 
5843 0.27 
5844 0.27 
5845 0.27 
5846 0.27 
5847 0.27 
5848 0.27 
5849 0.27 
5850 0.27 
5851 0.27 
5852 0.27 
5853 0.27 
5854 0.27 
5855 0.27 
5856 0.27 
5857 0.27 
5858 0.27 
5859 0.27 
5860 0.27 
5861 0.27 
5862 0.27 
5863 0.27 
5864 0.27 
5865 0.27 
5866 0.27 
5867 0.27 
5868 0.27 
5869 0.27 
5870 0.27 
5871 0.27 
5872 0.27 
5873 0.27 
5874 0.27 
5875 0.27 
5876 0.27 
5877 0.27 
5878 0.27 
5879 0.27 
5880 0.27 
5881 0.27 
5882 0.27 
5883 0.27 
5884 0.27 
5885 0.27 
5886 0.27 
5887 0.27 
5888 0.27 
5889 0.27 
5890 0.27 
5891 0.27 
5892 0.27 
5893 0.27 
5894 0.27 
5895 0.27 
5896 0.27 
5897 0.27 
5898 0.27 
5899 0.27 
5900 0.27 
5901 0.27 
5902 0.27 
5903 0.27 
5904 0.27 
5905 0.27 
5906 0.27 
5907 0.27 
5908 0.27 
5909 0.27 
5910 0.27 
5911 0.27 
5912 0.27 
5913 0.27 
5914 0.27 
5915 0.27 
5916 0.27 
5917 0.27 
5918 0.27 
5919 0.27 
5920 0.27 
5921 0.27 
5922 0.27 
5923 0.27 
5924 0.27 
5925 0.27 
5926 0.27 
5927 0.27 
5928 0.27 
5929 0.27 
5930 0.27 
5931 0.27 
5932 0.27 
5933 0.27 
5934 0.27 
5935 0.27 
5936 0.27 
5937 0.27 
5938 0.27 
5939 0.27 
5940 0.27 
5941 0.27 
5942 0.27 
5943 0.27 
5944 0.27 
5945 0.27 
5946 0.27 
5947 0.27 
5948 0.27 
5949 0.27 
5950 0.27 
5951 0.27 
5952 0.27 
5953 0.27 
5954 0.27 
5955 0.27 
5956 0.27 
5957 0.27 
5958 0.27 
5959 0.27 
5960 0.27 
5961 0.27 
5962 0.27 
5963 0.27 
5964 0.27 
5965 0.27 
5966 0.27 
5967 0.27 
5968 0.27 
5969 0.27 
5970 0.27 
5971 0.27 
5972 0.27 
5973 0.27 
5974 0.27 
5975 0.27 
5976 0.27 
5977 0.27 
5978 0.27 
5979 0.27 
5980 0.27 
5981 0.27 
5982 0.27 
5983 0.27 
5984 0.27 
5985 0.27 
5986 0.27 
5987 0.27 
5988 0.27 
5989 0.26 
5990 0.26 
5991 0.26 
5992 0.26 
5993 0.26 
5994 0.26 
5995 0.26 
5996 0.26 
5997 0.26 
5998 0.26 
5999 0.26 
6000 0.26 
6001 0.26 
6002 0.26 
6003 0.26 
6004 0.26 
6005 0.26 
6006 0.26 
6007 0.26 
6008 0.26 
6009 0.26 
6010 0.26 
6011 0.26 
6012 0.26 
6013 0.26 
6014 0.26 
6015 0.26 
6016 0.26 
6017 0.26 
6018 0.26 
6019 0.26 
6020 0.26 
6021 0.26 
6022 0.26 
6023 0.26 
6024 0.26 
6025 0.26 
6026 0.26 
6027 0.26 
6028 0.26 
6029 0.26 
6030 0.26 
6031 0.26 
6032 0.26 
6033 0.26 
6034 0.26 
6035 0.26 
6036 0.26 
6037 0.26 
6038 0.26 
6039 0.26 
6040 0.26 
6041 0.26 
6042 0.26 
6043 0.26 
6044 0.26 
6045 0.26 
6046 0.26 
6047 0.26 
6048 0.26 
6049 0.26 
6050 0.26 
6051 0.26 
6052 0.26 
6053 0.26 
6054 0.26 
6055 0.26 
6056 0.26 
6057 0.26 
6058 0.26 
6059 0.26 
6060 0.26 
6061 0.26 
6062 0.26 
6063 0.26 
6064 0.26 
6065 0.26 
6066 0.26 
6067 0.26 
6068 0.26 
6069 0.26 
6070 0.26 
6071 0.26 
6072 0.26 
6073 0.26 
6074 0.26 
6075 0.26 
6076 0.26 
6077 0.26 
6078 0.26 
6079 0.26 
6080 0.26 
6081 0.26 
6082 0.26 
6083 0.26 
6084 0.26 
6085 0.26 
6086 0.26 
6087 0.26 
6088 0.26 
6089 0.26 
6090 0.26 
6091 0.26 
6092 0.26 
6093 0.26 
6094 0.26 
6095 0.26 
6096 0.26 
6097 0.26 
6098 0.26 
6099 0.26 
6100 0.26 
6101 0.26 
6102 0.26 
6103 0.26 
6104 0.26 
6105 0.26 
6106 0.26 
6107 0.26 
6108 0.26 
6109 0.26 
6110 0.26 
6111 0.26 
6112 0.26 
6113 0.26 
6114 0.26 
6115 0.26 
6116 0.26 
6117 0.26 
6118 0.26 
6119 0.26 
6120 0.26 
6121 0.26 
6122 0.26 
6123 0.26 
6124 0.26 
