3 0.00
1 15.78
1 15.98
1 16.03
1 16.12
1 16.13
1 16.22
3 16.24
1 16.25
1 16.27
1 16.30
1 16.32
1 16.39
1 16.44
1 16.46
1 16.49
2 16.54
1 16.57
2 16.66
1 16.68
1 16.69
1 16.70
1 16.73
1 16.74
1 16.75
1 16.79
1 16.80
1 16.81
1 16.82
1 16.84
1 16.85
2 16.86
1 16.87
1 16.91
1 16.93
1 16.94
1 16.96
1 16.98
1 17.00
1 17.02
1 17.04
1 17.07
1 17.08
1 17.09
1 17.10
1 17.15
2 17.16
5 17.18
1 17.19
2 17.20
1 17.21
1 17.22
1 17.23
1 17.24
3 17.25
1 17.27
1 17.29
1 17.31
2 17.32
1 17.33
2 17.35
3 17.36
3 17.38
2 17.40
1 17.41
1 17.43
2 17.45
2 17.47
1 17.48
1 17.49
1 17.50
1 17.52
1 17.53
1 17.54
2 17.55
4 17.56
1 17.57
1 17.58
1 17.59
1 17.60
2 17.61
2 17.62
3 17.63
1 17.64
1 17.66
1 17.67
3 17.68
2 17.69
1 17.72
1 17.73
1 17.74
2 17.75
1 17.76
1 17.78
2 17.79
2 17.80
1 17.81
1 17.83
1 17.84
1 17.86
1 17.87
1 17.88
1 17.89
3 17.90
3 17.91
1 17.92
2 17.93
1 17.94
1 17.95
2 17.96
1 17.97
2 17.99
1 18.01
2 18.02
3 18.03
3 18.05
1 18.06
1 18.07
2 18.08
2 18.10
1 18.11
1 18.12
2 18.13
1 18.14
3 18.15
1 18.16
1 18.17
2 18.18
2 18.19
4 18.20
3 18.21
1 18.23
2 18.24
3 18.25
2 18.26
1 18.27
1 18.28
2 18.29
2 18.30
2 18.31
3 18.32
2 18.33
2 18.34
2 18.36
2 18.37
1 18.38
1 18.39
1 18.40
2 18.41
3 18.42
2 18.44
1 18.45
2 18.46
1 18.47
1 18.48
2 18.49
2 18.50
2 18.51
3 18.52
5 18.54
2 18.55
5 18.56
1 18.57
1 18.58
1 18.60
1 18.61
1 18.63
2 18.64
2 18.65
1 18.66
4 18.67
5 18.68
2 18.69
1 18.70
4 18.71
3 18.73
3 18.75
2 18.77
5 18.78
4 18.79
3 18.80
2 18.81
3 18.82
1 18.84
8 18.85
4 18.86
1 18.87
2 18.88
1 18.89
5 18.90
4 18.91
1 18.92
8 18.93
3 18.94
2 18.95
1 18.96
1 18.97
3 18.98
4 18.99
3 19.00
5 19.01
5 19.03
5 19.04
4 19.05
3 19.06
5 19.07
3 19.08
3 19.09
4 19.10
5 19.11
7 19.12
2 19.13
6 19.14
4 19.15
2 19.16
6 19.17
4 19.18
3 19.19
1 19.20
4 19.21
3 19.22
4 19.23
4 19.24
2 19.25
2 19.26
6 19.27
4 19.28
6 19.29
5 19.30
9 19.31
9 19.32
2 19.33
4 19.34
3 19.35
5 19.36
6 19.37
3 19.38
5 19.39
4 19.40
7 19.41
11 19.42
10 19.43
2 19.44
4 19.45
4 19.46
6 19.47
4 19.48
6 19.49
7 19.50
3 19.51
7 19.52
1 19.53
6 19.54
4 19.55
8 19.56
9 19.57
4 19.58
3 19.59
6 19.60
5 19.61
4 19.62
4 19.63
5 19.64
9 19.65
4 19.66
4 19.67
10 19.68
9 19.69
9 19.70
7 19.71
10 19.72
3 19.73
3 19.74
10 19.75
10 19.76
4 19.77
7 19.78
5 19.79
5 19.80
6 19.81
4 19.82
3 19.83
7 19.84
3 19.85
5 19.86
9 19.87
5 19.88
5 19.89
9 19.90
7 19.91
6 19.92
8 19.93
3 19.94
10 19.95
8 19.96
6 19.97
5 19.98
7 19.99
11 20.00
2 20.01
5 20.02
5 20.03
8 20.04
8 20.05
6 20.06
7 20.07
7 20.08
4 20.09
7 20.10
10 20.11
5 20.12
10 20.13
7 20.14
6 20.15
6 20.16
7 20.17
8 20.18
9 20.19
6 20.20
5 20.21
8 20.22
2 20.23
5 20.24
10 20.25
8 20.26
10 20.27
9 20.28
12 20.29
8 20.30
6 20.31
4 20.32
6 20.33
6 20.34
1 20.35
3 20.36
2 20.37
5 20.38
2 20.39
7 20.40
9 20.41
3 20.42
5 20.43
7 20.44
10 20.45
7 20.46
11 20.47
4 20.48
7 20.49
1 20.50
12 20.51
7 20.52
4 20.53
3 20.54
4 20.55
5 20.56
10 20.57
9 20.58
4 20.59
6 20.60
5 20.61
9 20.62
4 20.63
8 20.64
3 20.65
1 20.66
8 20.67
2 20.68
3 20.69
6 20.70
6 20.71
3 20.72
5 20.73
5 20.74
7 20.75
6 20.76
3 20.77
6 20.78
5 20.79
5 20.80
6 20.81
4 20.82
9 20.83
3 20.84
5 20.85
5 20.86
4 20.87
8 20.88
3 20.89
7 20.90
5 20.91
3 20.92
8 20.93
8 20.94
3 20.95
8 20.96
3 20.97
9 20.98
6 20.99
9 21.00
5 21.01
5 21.02
2 21.03
3 21.04
6 21.05
6 21.06
7 21.07
9 21.08
14 21.09
6 21.10
2 21.11
4 21.12
6 21.13
5 21.14
11 21.15
4 21.16
6 21.17
9 21.18
5 21.19
4 21.20
4 21.21
8 21.22
2 21.23
6 21.24
3 21.25
8 21.26
3 21.27
5 21.28
8 21.29
4 21.30
3 21.31
6 21.32
5 21.33
4 21.34
9 21.35
10 21.36
3 21.37
2 21.38
4 21.39
7 21.40
10 21.41
3 21.42
3 21.43
7 21.44
5 21.45
8 21.46
11 21.47
6 21.48
3 21.49
7 21.50
7 21.51
2 21.52
8 21.53
10 21.54
6 21.55
12 21.56
10 21.57
5 21.58
14 21.59
8 21.60
5 21.61
11 21.62
5 21.63
9 21.64
4 21.65
4 21.66
13 21.67
7 21.68
5 21.69
8 21.70
14 21.71
10 21.72
8 21.73
7 21.74
5 21.75
6 21.76
10 21.77
8 21.78
5 21.79
11 21.80
6 21.81
11 21.82
11 21.83
7 21.84
4 21.85
10 21.86
5 21.87
5 21.88
7 21.89
10 21.90
11 21.91
6 21.92
10 21.93
6 21.94
12 21.95
6 21.96
10 21.97
10 21.98
11 21.99
8 22.00
9 22.01
13 22.02
13 22.03
5 22.04
10 22.05
7 22.06
4 22.07
8 22.08
6 22.09
12 22.10
10 22.11
5 22.12
4 22.13
6 22.14
6 22.15
4 22.16
9 22.17
6 22.18
6 22.19
6 22.20
6 22.21
9 22.22
7 22.23
10 22.24
5 22.25
6 22.26
8 22.27
7 22.28
6 22.29
15 22.30
6 22.31
10 22.32
8 22.33
4 22.34
5 22.35
6 22.36
7 22.37
5 22.38
11 22.39
4 22.40
6 22.41
6 22.42
9 22.43
21 22.44
7 22.45
9 22.46
4 22.47
8 22.48
3 22.49
4 22.50
6 22.51
7 22.52
7 22.53
13 22.54
10 22.55
11 22.56
5 22.57
10 22.58
3 22.59
8 22.60
7 22.61
6 22.62
8 22.63
10 22.64
5 22.65
1 22.66
7 22.67
8 22.68
7 22.69
24 22.70
7 22.71
11 22.72
6 22.73
3 22.74
4 22.75
6 22.76
8 22.77
3 22.78
8 22.79
6 22.80
7 22.81
2 22.82
8 22.83
6 22.84
9 22.85
11 22.86
8 22.87
6 22.88
3 22.89
5 22.90
4 22.91
4 22.92
8 22.93
4 22.94
10 22.95
9 22.96
2 22.97
5 22.98
6 22.99
4 23.00
5 23.01
4 23.02
6 23.03
6 23.04
8 23.05
8 23.06
4 23.07
4 23.08
7 23.09
9 23.10
4 23.11
7 23.12
8 23.13
9 23.14
3 23.15
3 23.16
9 23.17
12 23.19
4 23.20
4 23.21
5 23.22
7 23.23
3 23.24
7 23.25
2 23.26
8 23.27
4 23.28
8 23.29
6 23.30
3 23.31
4 23.32
7 23.33
3 23.34
1 23.35
4 23.36
8 23.37
7 23.38
2 23.39
7 23.40
5 23.41
5 23.42
4 23.43
9 23.44
7 23.45
5 23.46
4 23.47
9 23.48
2 23.49
3 23.50
2 23.51
2 23.52
6 23.53
4 23.54
2 23.55
2 23.56
2 23.57
7 23.58
10 23.59
8 23.60
3 23.61
6 23.62
5 23.63
5 23.64
1 23.65
6 23.66
2 23.67
2 23.68
7 23.69
3 23.70
9 23.71
5 23.72
5 23.73
7 23.74
7 23.75
11 23.76
4 23.77
7 23.78
5 23.79
3 23.80
3 23.81
7 23.82
4 23.83
7 23.84
5 23.85
3 23.86
6 23.87
4 23.88
3 23.89
11 23.90
5 23.91
7 23.92
4 23.93
8 23.94
2 23.95
6 23.96
2 23.97
1 23.98
3 23.99
8 24.00
4 24.01
5 24.02
4 24.03
1 24.04
2 24.05
1 24.06
5 24.07
5 24.08
3 24.09
3 24.10
6 24.11
6 24.12
1 24.13
7 24.14
13 24.15
5 24.16
6 24.17
6 24.18
6 24.19
5 24.20
6 24.21
6 24.22
3 24.23
5 24.24
5 24.25
4 24.26
6 24.27
4 24.28
3 24.29
6 24.30
5 24.31
4 24.32
5 24.33
5 24.34
2 24.35
3 24.36
2 24.37
4 24.38
3 24.39
6 24.40
5 24.41
9 24.42
8 24.43
6 24.44
7 24.45
2 24.46
4 24.47
3 24.48
5 24.49
2 24.50
3 24.51
8 24.52
5 24.53
4 24.54
4 24.55
3 24.56
3 24.57
4 24.58
4 24.59
5 24.61
6 24.62
4 24.64
1 24.65
7 24.66
7 24.67
7 24.68
2 24.69
4 24.70
3 24.71
4 24.72
6 24.73
2 24.74
3 24.75
8 24.76
4 24.77
2 24.78
6 24.79
4 24.80
3 24.81
5 24.82
3 24.83
5 24.84
7 24.85
4 24.86
6 24.87
2 24.88
3 24.89
4 24.90
5 24.91
5 24.92
3 24.93
4 24.94
3 24.95
8 24.96
4 24.97
2 24.98
5 25.00
7 25.01
4 25.02
3 25.03
8 25.04
3 25.05
4 25.06
2 25.07
3 25.08
9 25.09
2 25.10
6 25.11
7 25.12
6 25.13
3 25.14
5 25.15
5 25.16
3 25.17
9 25.18
4 25.19
6 25.20
5 25.21
5 25.22
4 25.23
6 25.25
5 25.26
5 25.27
7 25.28
3 25.29
2 25.30
3 25.31
5 25.32
7 25.33
3 25.34
3 25.35
13 25.36
3 25.37
4 25.38
4 25.39
4 25.40
6 25.41
7 25.42
6 25.43
6 25.44
6 25.45
4 25.46
9 25.47
5 25.48
7 25.49
2 25.50
5 25.51
5 25.52
2 25.53
3 25.54
2 25.55
1 25.57
3 25.58
7 25.59
1 25.60
1 25.61
7 25.62
5 25.63
4 25.64
6 25.65
3 25.66
2 25.67
2 25.68
5 25.69
3 25.70
1 25.71
3 25.72
4 25.73
2 25.74
2 25.75
4 25.76
1 25.77
3 25.78
4 25.79
6 25.80
10 25.81
1 25.82
6 25.83
5 25.84
1 25.85
5 25.86
1 25.87
2 25.88
5 25.89
4 25.90
7 25.91
3 25.92
1 25.93
5 25.94
2 25.95
5 25.96
5 25.97
2 25.98
6 25.99
6 26.00
1 26.01
2 26.02
3 26.03
6 26.04
2 26.05
4 26.06
2 26.07
5 26.08
2 26.09
2 26.10
3 26.11
4 26.12
3 26.13
2 26.14
8 26.15
3 26.16
7 26.17
6 26.18
4 26.19
3 26.20
3 26.21
6 26.22
3 26.23
1 26.24
2 26.25
1 26.26
4 26.27
3 26.28
1 26.29
3 26.30
4 26.31
7 26.32
9 26.34
3 26.35
3 26.36
5 26.37
5 26.38
3 26.39
2 26.40
4 26.41
4 26.42
8 26.43
5 26.44
1 26.45
6 26.46
2 26.47
2 26.48
2 26.49
2 26.50
5 26.51
7 26.52
4 26.53
4 26.54
3 26.55
3 26.56
6 26.57
2 26.58
7 26.59
1 26.60
1 26.61
4 26.62
4 26.63
8 26.64
7 26.65
5 26.66
6 26.67
2 26.68
9 26.69
5 26.70
2 26.71
7 26.72
2 26.73
4 26.74
3 26.75
5 26.76
2 26.77
5 26.78
5 26.79
4 26.80
3 26.81
6 26.82
6 26.83
3 26.84
6 26.85
4 26.86
3 26.87
3 26.88
2 26.89
2 26.90
1 26.91
3 26.92
3 26.93
3 26.94
3 26.95
3 26.96
6 26.97
4 26.98
5 26.99
2 27.00
5 27.01
6 27.02
3 27.03
3 27.04
5 27.05
6 27.06
3 27.07
2 27.08
1 27.09
7 27.10
1 27.11
5 27.12
6 27.13
3 27.14
3 27.15
1 27.16
1 27.17
4 27.18
2 27.19
3 27.20
3 27.21
3 27.22
1 27.23
5 27.24
4 27.26
6 27.27
2 27.28
4 27.29
4 27.30
2 27.31
1 27.32
5 27.33
3 27.34
2 27.35
4 27.36
10 27.37
1 27.38
1 27.39
5 27.40
5 27.41
3 27.42
2 27.43
3 27.46
4 27.47
1 27.48
1 27.49
1 27.50
2 27.51
3 27.52
4 27.53
2 27.54
3 27.55
5 27.56
2 27.57
1 27.58
1 27.59
2 27.60
2 27.61
2 27.62
4 27.63
2 27.64
2 27.65
5 27.66
3 27.67
4 27.68
3 27.69
8 27.70
4 27.71
4 27.72
3 27.73
2 27.74
3 27.75
5 27.76
3 27.77
3 27.78
5 27.79
1 27.80
1 27.81
3 27.82
3 27.83
3 27.84
4 27.85
4 27.86
2 27.87
4 27.88
3 27.89
2 27.90
1 27.91
4 27.92
3 27.93
3 27.94
5 27.95
4 27.96
4 27.97
2 27.98
5 27.99
2 28.00
1 28.01
4 28.02
6 28.03
1 28.04
6 28.05
3 28.06
3 28.07
4 28.08
2 28.09
3 28.10
4 28.11
6 28.12
1 28.13
6 28.14
2 28.15
6 28.16
1 28.17
3 28.18
6 28.19
3 28.20
2 28.21
4 28.22
4 28.23
4 28.24
2 28.25
2 28.26
1 28.27
1 28.28
2 28.29
3 28.30
3 28.31
2 28.32
4 28.33
3 28.34
2 28.35
2 28.36
5 28.37
3 28.38
2 28.39
3 28.40
4 28.41
1 28.42
5 28.43
5 28.44
2 28.45
1 28.46
4 28.47
3 28.48
4 28.49
3 28.50
1 28.51
1 28.52
4 28.54
5 28.55
1 28.56
2 28.57
4 28.58
3 28.59
7 28.60
2 28.61
4 28.62
1 28.63
4 28.64
2 28.65
1 28.66
2 28.67
4 28.68
4 28.69
2 28.70
3 28.71
4 28.72
1 28.73
4 28.74
5 28.75
1 28.76
2 28.77
3 28.79
5 28.80
1 28.81
3 28.82
2 28.83
6 28.84
1 28.85
6 28.87
3 28.88
4 28.89
4 28.90
1 28.91
4 28.92
4 28.94
3 28.95
4 28.96
4 28.97
4 28.98
2 29.00
5 29.01
5 29.02
1 29.03
2 29.05
5 29.06
1 29.07
4 29.08
4 29.10
4 29.12
2 29.13
2 29.14
3 29.15
3 29.16
4 29.17
4 29.18
4 29.19
6 29.20
2 29.21
7 29.22
2 29.23
2 29.24
4 29.25
6 29.26
2 29.27
4 29.28
3 29.29
19 29.30
8 29.31
3 29.32
5 29.33
3 29.34
2 29.35
1 29.36
3 29.37
5 29.38
2 29.39
1 29.40
6 29.41
5 29.42
8 29.43
4 29.44
2 29.45
4 29.46
1 29.47
3 29.48
1 29.49
4 29.50
1 29.51
5 29.52
1 29.54
2 29.55
2 29.56
3 29.57
9 29.58
3 29.59
2 29.60
3 29.61
6 29.62
1 29.63
2 29.64
3 29.65
4 29.66
3 29.67
3 29.68
1 29.69
8 29.70
4 29.71
1 29.72
2 29.73
2 29.74
3 29.76
2 29.79
4 29.80
2 29.81
1 29.82
1 29.83
3 29.84
1 29.85
3 29.86
2 29.87
3 29.88
2 29.89
1 29.90
2 29.91
2 29.92
4 29.93
3 29.94
3 29.96
3 29.97
4 29.98
4 29.99
4 30.01
2 30.03
3 30.04
2 30.05
2 30.06
6 30.07
3 30.08
2 30.09
2 30.10
1 30.11
1 30.13
3 30.14
1 30.15
2 30.16
5 30.17
1 30.18
3 30.19
5 30.20
2 30.21
1 30.22
3 30.23
4 30.24
2 30.25
2 30.26
3 30.28
1 30.29
6 30.30
1 30.31
1 30.32
5 30.33
5 30.34
3 30.35
2 30.36
2 30.37
2 30.38
1 30.39
3 30.40
2 30.41
1 30.42
2 30.43
5 30.44
1 30.46
1 30.47
2 30.49
3 30.50
2 30.51
1 30.52
3 30.53
2 30.54
4 30.55
2 30.56
3 30.57
1 30.59
3 30.60
2 30.61
4 30.62
3 30.63
3 30.64
2 30.65
4 30.66
1 30.67
6 30.68
4 30.69
2 30.70
2 30.71
5 30.72
1 30.73
3 30.75
1 30.76
2 30.77
2 30.78
2 30.79
1 30.80
1 30.81
4 30.83
1 30.84
3 30.85
2 30.87
3 30.89
2 30.91
1 30.92
1 30.93
2 30.94
3 30.96
1 30.98
1 31.00
2 31.01
3 31.03
2 31.04
3 31.05
5 31.06
1 31.07
2 31.08
2 31.11
2 31.12
1 31.13
3 31.14
1 31.15
2 31.16
3 31.17
1 31.18
2 31.19
3 31.20
1 31.21
1 31.22
2 31.24
2 31.25
2 31.26
3 31.27
4 31.28
3 31.29
1 31.30
2 31.31
1 31.32
2 31.33
3 31.34
2 31.35
2 31.36
1 31.37
1 31.38
2 31.39
2 31.41
3 31.42
3 31.43
2 31.45
1 31.46
2 31.47
2 31.49
2 31.50
1 31.51
4 31.52
1 31.53
2 31.55
1 31.56
2 31.57
1 31.58
3 31.59
3 31.60
3 31.61
2 31.62
2 31.63
2 31.64
1 31.65
2 31.66
1 31.67
2 31.68
1 31.69
2 31.70
1 31.72
2 31.74
1 31.75
3 31.77
2 31.78
2 31.79
1 31.80
2 31.81
1 31.82
2 31.83
3 31.84
4 31.85
2 31.86
1 31.88
3 31.90
3 31.91
1 31.92
5 31.93
4 31.94
1 31.97
1 31.98
2 31.99
3 32.00
2 32.01
3 32.02
4 32.03
2 32.04
1 32.05
2 32.06
4 32.08
3 32.11
1 32.13
2 32.14
1 32.15
4 32.16
1 32.17
5 32.18
1 32.19
1 32.20
2 32.21
2 32.22
5 32.23
1 32.25
2 32.26
2 32.27
2 32.28
3 32.29
3 32.31
2 32.32
1 32.33
2 32.34
2 32.36
3 32.38
4 32.39
1 32.41
3 32.44
1 32.45
3 32.46
3 32.47
1 32.48
2 32.49
3 32.51
1 32.52
2 32.53
3 32.54
2 32.55
4 32.56
2 32.57
2 32.58
1 32.59
5 32.60
2 32.61
1 32.62
5 32.64
2 32.67
1 32.68
1 32.69
2 32.70
3 32.71
5 32.73
3 32.75
1 32.76
2 32.77
1 32.78
1 32.79
1 32.80
5 32.81
1 32.83
3 32.85
2 32.86
2 32.87
2 32.88
3 32.89
1 32.90
3 32.91
2 32.92
2 32.93
2 32.94
1 32.95
3 32.96
2 32.97
1 32.98
2 33.00
2 33.01
2 33.02
2 33.03
2 33.04
2 33.05
2 33.06
1 33.07
1 33.09
2 33.11
3 33.12
1 33.14
3 33.15
4 33.17
1 33.18
3 33.19
2 33.20
4 33.21
1 33.23
1 33.24
2 33.25
1 33.26
1 33.27
2 33.28
1 33.29
3 33.31
2 33.33
2 33.34
1 33.36
2 33.37
4 33.39
1 33.40
1 33.41
1 33.43
5 33.44
2 33.45
1 33.48
3 33.49
2 33.50
1 33.51
1 33.52
2 33.53
1 33.54
2 33.56
2 33.57
2 33.58
1 33.59
1 33.60
1 33.61
4 33.62
2 33.63
4 33.64
2 33.65
2 33.67
3 33.68
2 33.69
2 33.70
1 33.71
2 33.72
1 33.73
1 33.74
1 33.77
3 33.79
2 33.80
1 33.81
1 33.85
2 33.86
1 33.87
2 33.88
1 33.89
2 33.90
3 33.91
1 33.92
4 33.93
2 33.94
1 33.95
2 33.96
2 33.97
3 33.98
1 34.00
4 34.01
1 34.02
1 34.03
3 34.04
2 34.06
3 34.07
2 34.08
1 34.09
3 34.10
3 34.12
3 34.13
2 34.14
5 34.18
2 34.21
1 34.22
3 34.23
1 34.24
1 34.25
4 34.26
3 34.27
1 34.28
3 34.29
1 34.30
2 34.31
3 34.32
1 34.33
1 34.34
1 34.35
2 34.36
2 34.37
4 34.38
3 34.39
3 34.41
2 34.42
1 34.43
4 34.44
4 34.45
1 34.46
3 34.47
2 34.48
3 34.49
1 34.51
1 34.52
1 34.53
6 34.55
3 34.56
5 34.57
5 34.58
7 34.59
2 34.60
3 34.61
6 34.63
4 34.64
3 34.65
2 34.66
4 34.67
2 34.68
1 34.70
1 34.71
1 34.72
1 34.73
1 34.74
4 34.75
2 34.76
4 34.77
5 34.78
1 34.79
2 34.80
1 34.81
5 34.82
1 34.83
1 34.85
2 34.86
3 34.87
3 34.88
2 34.90
1 34.91
3 34.92
2 34.93
2 34.94
5 34.95
3 34.96
3 34.99
1 35.00
4 35.01
1 35.02
1 35.03
2 35.04
5 35.05
3 35.06
1 35.07
3 35.08
3 35.09
4 35.10
1 35.11
1 35.14
1 35.15
1 35.16
2 35.17
3 35.18
1 35.19
2 35.20
1 35.21
4 35.22
4 35.23
1 35.24
2 35.25
3 35.26
1 35.27
1 35.28
3 35.29
3 35.31
2 35.32
3 35.33
3 35.34
1 35.35
3 35.37
1 35.38
4 35.39
3 35.40
3 35.41
2 35.42
2 35.43
2 35.44
2 35.45
2 35.46
2 35.47
2 35.48
2 35.49
3 35.50
4 35.51
2 35.52
2 35.53
1 35.54
2 35.55
2 35.56
2 35.57
1 35.59
2 35.60
2 35.61
3 35.62
2 35.63
2 35.64
4 35.65
4 35.66
3 35.67
2 35.68
3 35.69
1 35.70
3 35.71
1 35.73
3 35.74
2 35.75
1 35.76
1 35.78
2 35.80
5 35.81
3 35.82
3 35.83
4 35.84
1 35.85
2 35.87
2 35.88
3 35.89
1 35.90
1 35.91
1 35.92
1 35.93
2 35.94
2 35.95
1 35.96
3 35.97
1 35.98
1 35.99
2 36.00
2 36.01
3 36.02
4 36.03
2 36.04
1 36.06
4 36.07
3 36.08
5 36.09
2 36.11
3 36.12
2 36.13
1 36.15
3 36.17
2 36.18
2 36.19
3 36.20
1 36.21
3 36.22
4 36.23
1 36.24
3 36.25
3 36.27
2 36.29
3 36.30
1 36.31
1 36.32
4 36.33
1 36.35
3 36.36
3 36.37
1 36.38
4 36.39
2 36.40
1 36.41
3 36.42
2 36.43
4 36.44
1 36.45
1 36.46
2 36.47
3 36.48
1 36.49
1 36.50
3 36.51
2 36.52
1 36.53
1 36.54
1 36.55
1 36.56
2 36.57
2 36.58
1 36.59
2 36.60
5 36.61
3 36.62
1 36.63
3 36.64
5 36.65
1 36.67
1 36.69
2 36.70
3 36.71
1 36.72
4 36.74
1 36.75
4 36.77
3 36.78
1 36.79
3 36.80
2 36.81
1 36.82
3 36.83
2 36.84
4 36.85
1 36.86
3 36.87
2 36.88
4 36.89
2 36.90
4 36.91
1 36.92
3 36.93
1 36.94
2 36.95
4 36.96
1 36.97
5 36.98
3 36.99
1 37.00
2 37.01
3 37.02
2 37.03
1 37.04
1 37.05
1 37.08
1 37.09
1 37.10
2 37.11
3 37.12
2 37.13
6 37.14
1 37.16
2 37.17
2 37.18
4 37.19
2 37.22
3 37.23
2 37.24
2 37.25
3 37.26
4 37.28
3 37.29
3 37.30
2 37.31
3 37.32
1 37.33
2 37.34
4 37.35
3 37.36
1 37.37
1 37.38
2 37.39
2 37.40
1 37.41
3 37.42
2 37.43
4 37.44
4 37.47
2 37.48
4 37.49
1 37.50
1 37.52
1 37.55
2 37.56
2 37.57
3 37.58
2 37.59
2 37.60
1 37.61
2 37.62
1 37.63
4 37.64
2 37.65
2 37.66
4 37.67
1 37.68
1 37.69
3 37.70
6 37.72
4 37.73
1 37.74
2 37.75
3 37.76
1 37.77
1 37.80
1 37.81
1 37.83
3 37.84
1 37.85
2 37.86
2 37.87
3 37.89
1 37.90
1 37.91
1 37.92
3 37.93
1 37.94
1 37.95
4 37.96
1 37.98
1 37.99
1 38.01
3 38.05
1 38.06
1 38.07
1 38.08
1 38.10
2 38.13
1 38.14
1 38.16
2 38.17
2 38.19
1 38.20
1 38.22
1 38.23
1 38.27
1 38.28
2 38.30
2 38.31
2 38.32
3 38.33
1 38.34
2 38.35
1 38.36
2 38.38
6 38.39
2 38.40
1 38.41
9 38.45
1 38.46
1 38.48
2 38.49
3 38.51
3 38.53
2 38.55
1 38.56
1 38.58
1 38.59
3 38.61
1 38.63
1 38.67
1 38.68
1 38.69
1 38.70
2 38.71
1 38.73
1 38.76
1 38.77
1 38.79
2 38.80
4 38.81
1 38.82
1 38.84
2 38.86
1 38.88
1 38.89
3 38.90
1 38.91
1 38.92
3 38.93
3 38.94
2 38.95
1 38.96
1 38.97
3 38.98
1 38.99
1 39.00
4 39.01
1 39.02
1 39.03
1 39.04
1 39.06
2 39.07
2 39.08
1 39.10
3 39.11
1 39.12
1 39.13
2 39.14
2 39.16
2 39.18
1 39.19
12 39.20
1 39.21
1 39.24
3 39.25
1 39.26
2 39.27
1 39.29
2 39.30
1 39.32
1 39.34
1 39.35
1 39.36
1 39.39
3 39.41
1 39.44
6 39.47
1 39.48
1 39.49
1 39.51
2 39.53
1 39.54
1 39.55
3 39.58
1 39.59
1 39.61
2 39.62
3 39.64
1 39.65
2 39.66
1 39.68
2 39.69
1 39.70
2 39.72
1 39.76
1 39.77
2 39.78
1 39.79
3 39.80
1 39.81
2 39.84
1 39.87
1 39.88
2 39.89
2 39.90
2 39.91
1 39.92
1 39.93
3 39.95
1 39.97
1 39.98
1 40.02
4 40.03
3 40.04
1 40.05
1 40.07
2 40.08
1 40.09
2 40.10
5 40.11
2 40.12
1 40.13
2 40.14
1 40.15
2 40.22
2 40.23
3 40.25
1 40.26
1 40.27
2 40.29
2 40.31
3 40.32
2 40.33
2 40.34
1 40.35
2 40.36
1 40.40
3 40.41
2 40.42
1 40.43
2 40.44
2 40.45
1 40.46
1 40.47
2 40.49
2 40.50
1 40.51
1 40.53
1 40.54
1 40.55
1 40.58
3 40.60
2 40.61
1 40.63
1 40.65
1 40.66
4 40.69
1 40.71
1 40.72
3 40.73
1 40.74
2 40.76
2 40.77
3 40.80
2 40.83
1 40.84
1 40.85
2 40.86
1 40.87
1 40.88
1 40.90
1 40.92
3 40.93
3 40.96
2 40.97
1 40.98
2 40.99
4 41.00
1 41.01
1 41.02
3 41.03
3 41.04
1 41.07
1 41.10
2 41.11
4 41.12
3 41.13
1 41.16
2 41.17
1 41.20
2 41.22
2 41.25
1 41.27
1 41.28
2 41.30
1 41.32
1 41.35
2 41.38
3 41.39
1 41.41
2 41.42
1 41.43
1 41.44
1 41.45
1 41.48
1 41.50
1 41.52
1 41.54
1 41.55
1 41.56
1 41.59
1 41.64
2 41.65
1 41.67
1 41.69
1 41.70
2 41.71
1 41.72
1 41.74
2 41.75
1 41.78
2 41.81
3 41.84
1 41.85
1 41.86
4 41.87
2 41.89
1 41.91
1 41.92
1 41.93
1 41.94
1 41.95
1 41.96
1 41.98
1 41.99
1 42.00
1 42.02
2 42.04
1 42.05
1 42.06
2 42.08
1 42.11
1 42.16
2 42.17
1 42.19
1 42.20
3 42.23
1 42.24
2 42.26
9 42.28
2 42.30
1 42.31
2 42.32
1 42.33
1 42.35
1 42.36
2 42.37
1 42.41
5 42.42
2 42.43
1 42.45
1 42.50
2 42.51
1 42.55
1 42.56
2 42.64
1 42.67
2 42.69
2 42.71
1 42.73
1 42.74
2 42.78
1 42.79
1 42.81
1 42.85
2 42.87
1 42.91
2 42.94
1 42.97
2 42.98
1 43.00
1 43.01
3 43.02
1 43.03
1 43.10
1 43.13
2 43.15
1 43.16
2 43.17
2 43.18
2 43.20
1 43.25
1 43.27
1 43.28
3 43.29
1 43.30
1 43.32
1 43.36
1 43.41
1 43.42
1 43.44
1 43.45
2 43.47
3 43.52
1 43.54
1 43.57
3 43.59
1 43.61
1 43.62
1 43.63
1 43.64
1 43.65
2 43.68
1 43.70
1 43.71
1 43.72
2 43.77
1 43.80
1 43.82
3 43.85
2 43.87
1 43.89
1 43.90
1 43.95
1 43.96
2 43.97
1 43.98
1 44.02
1 44.03
1 44.08
1 44.09
1 44.10
1 44.13
1 44.24
1 44.25
1 44.26
1 44.27
1 44.29
1 44.30
2 44.34
1 44.35
1 44.36
1 44.38
1 44.39
1 44.42
1 44.50
1 44.51
2 44.52
1 44.54
1 44.55
1 44.57
1 44.58
1 44.59
1 44.61
1 44.63
1 44.66
1 44.68
1 44.69
1 44.74
2 44.77
1 44.78
2 44.80
1 44.83
1 44.86
1 44.91
1 44.92
1 44.93
1 44.94
1 44.97
1 44.99
1 45.01
1 45.03
1 45.05
1 45.09
1 45.17
1 45.22
1 45.28
1 45.29
1 45.35
2 45.43
1 45.61
1 45.71
1 45.79
1 45.80
1 45.84
1 45.94
1 46.20
1 46.25
1 46.27
1 46.28
2 46.31
2 46.38
1 46.54
1 46.61
1 46.66
1 46.69
1 46.79
1 46.88
1 46.92
1 46.93
1 46.94
1 46.97
1 47.51
1 47.57
1 47.71
1 47.86
1 47.91
1 48.05
1 48.39
1 48.50
1 48.56
1 49.11
1 49.15
1 49.18
1 49.23
1 49.25
1 49.28
1 49.30
1 49.31
1 49.47
1 49.51
1 49.63
1 49.93
1 49.94
1 50.07
3 50.21
1 50.35
1 50.46
1 50.52
1 50.80
1 50.90
1 50.92
1 51.06
4 51.28
2 51.52
1 51.65
2 51.68
1 51.71
1 51.81
4 51.89
1 51.91
1 52.02
1 52.09
2 52.11
1 52.13
1 52.33
1 52.37
1 52.50
1 52.69
1 52.75
1 52.94
1 53.00
1 53.08
1 53.43
1 53.59
1 53.80
2 53.81
2 53.87
1 53.92
1 54.00
1 54.06
1 54.07
2 54.27
1 54.33
1 54.35
3 54.39
1 54.41
1 54.43
1 54.50
1 54.51
1 54.54
1 54.56
1 54.85
1 54.90
1 54.94
1 54.95
1 55.29
1 55.32
1 55.43
1 55.48
1 55.60
1 55.75
1 55.79
1 55.98
1 56.15
2 56.18
1 56.30
1 56.33
1 56.42
1 56.45
1 56.52
3 56.69
1 56.80
1 56.83
1 56.85
1 56.91
2 56.98
1 57.14
1 57.25
1 57.29
1 57.33
3 57.37
1 57.40
1 57.43
1 57.45
1 57.48
1 57.51
2 57.53
1 57.56
1 57.57
2 57.59
1 57.61
1 57.66
1 57.67
6 57.70
1 57.72
1 57.78
6 57.81
3 57.82
1 57.89
1 57.91
1 57.92
1 57.93
2 57.94
2 57.99
2 58.02
8 58.03
1 58.05
1 58.06
1 58.08
2 58.10
1 58.21
1 58.22
4 58.26
1 58.29
2 58.31
2 58.35
2 58.42
1 58.43
1 58.47
1 58.58
1 58.80
1 58.82
1 58.83
1 58.86
1 58.89
1 58.91
1 58.92
1 58.95
1 58.96
1 59.02
1 59.04
1 59.16
1 59.17
1 59.26
1 59.29
2 59.32
1 59.34
1 59.36
1 59.37
1 59.38
1 59.46
2 59.49
1 59.52
2 59.54
2 59.55
2 59.61
1 59.63
2 59.66
1 59.67
1 59.68
21 59.69
2 59.70
2 59.75
1 59.77
1 59.78
1 59.80
2 59.83
1 59.91
1 59.92
1 59.95
2 59.99
1 60.01
2 60.03
2 60.05
3 60.08
2 60.09
2 60.11
1 60.12
7 60.13
3 60.14
1 60.16
4 60.17
1 60.23
1 60.25
1 60.37
1 60.38
1 60.39
4 60.41
1 60.45
1 60.48
1 60.49
1 60.52
1 60.56
1 60.57
1 60.58
1 60.60
1 60.63
1 60.64
1 60.66
1 60.69
1 60.77
1 60.79
3 60.88
2 60.90
1 60.91
3 60.92
1 60.93
1 60.95
1 60.96
1 60.97
1 60.98
2 60.99
2 61.07
1 61.09
2 61.11
1 61.15
1 61.17
2 61.24
2 61.25
5 61.26
1 61.27
1 61.29
2 61.30
1 61.32
1 61.33
1 61.39
1 61.40
1 61.48
2 61.49
1 61.51
1 61.54
2 61.56
1 61.58
1 61.60
1 61.66
2 61.68
2 61.69
1 61.72
2 61.73
1 61.74
1 61.79
1 61.81
1 61.87
1 61.90
1 61.92
1 61.95
2 61.96
1 62.02
1 62.03
1 62.07
1 62.09
1 62.12
1 62.15
1 62.16
2 62.19
1 62.20
1 62.22
1 62.23
1 62.31
1 62.35
1 62.40
12 62.42
1 62.44
17 62.47
1 62.49
1 62.51
3 62.55
1 62.60
1 62.64
4 62.66
1 62.88
2 63.02
3 63.14
1 63.16
1 63.17
4 63.20
1 63.23
1 63.24
3 63.25
1 63.26
1 63.27
1 63.29
1 63.35
1 63.42
1 63.43
1 63.49
1 63.55
1 63.73
1 63.77
1 63.84
1 63.85
1 63.96
1 63.99
1 64.03
1 64.05
1 64.12
1 64.19
4 64.20
1 64.24
1 64.28
1 64.33
1 64.39
1 64.43
1 64.53
4 64.60
1 64.71
1 64.73
1 64.76
1 64.86
1 64.90
1 64.97
1 65.06
2 65.29
1 65.33
1 65.36
1 65.46
2 65.72
1 65.74
4 65.80
1 65.81
1 65.94
1 65.95
1 65.99
1 66.08
2 66.13
1 66.25
1 66.31
1 66.32
1 66.35
1 66.45
2 66.66
2 66.67
1 66.72
1 66.77
1 66.79
1 66.80
1 66.89
1 66.90
2 66.92
5 66.97
3 66.98
1 67.04
1 67.12
1 67.15
1 67.17
1 67.25
2 67.29
3 67.32
1 67.38
1 67.39
1 67.48
1 67.49
4 67.60
1 67.63
1 67.64
1 67.65
1 67.72
1 67.73
3 67.80
1 67.83
2 67.96
1 68.00
1 68.05
1 68.09
3 68.15
1 68.17
1 68.26
1 68.27
1 68.29
4 68.32
2 68.40
2 68.42
8 68.49
1 68.52
1 68.53
1 68.54
1 68.60
1 68.68
1 68.69
1 68.83
1 68.96
1 68.98
1 69.16
1 69.17
1 69.37
1 69.40
1 69.54
1 69.71
1 69.75
1 69.90
1 70.05
1 70.50
1 70.60
1 70.71
1 70.88
1 71.07
1 71.13
1 71.28
1 71.39
1 71.46
4 71.52
1 71.67
3 71.80
15 72.69
1 72.97
1 73.05
1 73.19
1 73.22
1 73.30
1 73.51
2 74.14
1 74.24
1 74.70
1 74.88
1 75.18
1 75.21
2 75.23
1 75.41
6 76.41
1 76.61
1 76.82
1 76.85
8 77.73
1 77.94
1 78.04
1 78.81
1 78.89
1 80.31
1 82.06
1 84.30
2 84.31
1 84.79
1 85.47
2 86.45
1 86.81
1 86.91
1 87.53
1 88.31
3 90.28
1 90.57
1 91.80
1 95.10
1 95.19
5 96.34
1 96.52
1 96.96
3 98.12
1 98.40
1 99.88
1 100.07
1 100.70
1 101.73
1 102.07
1 102.16
1 102.35
3 102.82
3 103.21
1 103.45
2 103.58
2 103.72
3 104.15
4 104.24
1 107.06
1 107.47
1 107.48
1 107.77
1 108.38
1 109.17
3 109.30
1 111.44
3 111.85
1 111.86
1 112.97
1 113.41
1 113.48
1 117.93
5 117.97
1 125.21
5 125.73
1 130.54
3 130.74
7 131.33
2 134.39
1 135.03
6 135.56
1 136.99
3 137.80
35 144.54
1 145.00
