767 0
769 17.0566
771 17.0984
773 17.2321
775 17.6085
776 17.6957
778 17.7289
780 17.7977
782 17.8358
784 17.9933
785 18.1366
787 18.1581
789 18.3956
791 18.6322
793 18.6971
795 19.0048
797 19.0422
799 19.2979
800 19.3507
802 19.368
804 19.3686
806 19.3839
808 19.4705
810 19.4724
812 19.5741
813 19.6073
815 19.7291
817 19.8683
819 19.9573
821 19.9835
823 20.0485
824 20.0853
826 20.11
828 20.1316
830 20.1982
832 20.2353
833 20.2367
835 20.3011
837 20.3198
839 20.3237
840 20.3391
841 20.4147
842 20.4429
844 20.4731
846 20.5194
848 20.5574
849 20.5628
851 20.5925
852 20.7276
853 20.7836
855 20.8073
857 20.897
859 20.9083
861 20.9853
863 21.0067
865 21.0637
866 21.1658
867 21.1672
869 21.254
871 21.3295
872 21.3502
873 21.37
874 21.3924
876 21.4104
877 21.4156
879 21.423
881 21.484
883 21.5172
884 21.6482
886 21.6664
887 21.6792
889 21.7095
890 21.7372
891 21.7446
893 21.7541
896 21.8039
898 21.8042
901 21.8133
903 21.822
904 21.8326
906 21.9015
907 21.961
909 21.9625
911 21.9715
912 22.0102
914 22.0175
916 22.1284
918 22.159
919 22.1929
923 22.2545
925 22.2676
926 22.2687
928 22.2869
930 22.3228
932 22.3572
933 22.4118
934 22.4183
936 22.4919
940 22.5034
942 22.5076
943 22.5189
944 22.5529
946 22.5601
948 22.5774
950 22.5881
952 22.6159
953 22.6257
955 22.6741
957 22.6819
959 22.6867
960 22.6922
962 22.6968
963 22.7611
965 22.8153
967 22.8199
969 22.8275
970 22.8296
972 22.8355
974 22.8802
976 22.8953
978 22.9449
979 22.9567
980 23.0147
982 23.0357
984 23.0553
985 23.072
987 23.1516
988 23.1586
989 23.2058
990 23.2169
992 23.2413
994 23.2565
997 23.2668
998 23.3012
999 23.3271
1003 23.3542
1004 23.375
1006 23.4241
1007 23.4653
1009 23.5464
1011 23.55
1012 23.5702
1014 23.5785
1015 23.5793
1016 23.6333
1017 23.6579
1019 23.668
1021 23.6818
1022 23.7044
1024 23.7324
1026 23.7328
1028 23.7361
1030 23.7747
1032 23.7838
1035 23.7859
1037 23.8234
1039 23.8542
1040 23.895
1041 23.9223
1043 23.9347
1045 23.9661
1047 23.9672
1048 23.9681
1050 23.974
1051 23.9975
1053 24.026
1054 24.0337
1056 24.0696
1057 24.0936
1058 24.1295
1059 24.1357
1061 24.1816
1062 24.1869
1063 24.1933
1064 24.2108
1065 24.2298
1067 24.2344
1068 24.2892
1070 24.2902
1072 24.3319
1073 24.3422
1075 24.3581
1076 24.4116
1078 24.4309
1079 24.4437
1080 24.4959
1081 24.5122
1082 24.5499
1083 24.5553
1084 24.6045
1085 24.6097
1087 24.6132
1089 24.6296
1091 24.6318
1094 24.6348
1095 24.645
1096 24.6561
1098 24.6684
1100 24.6817
1102 24.6914
1103 24.7137
1105 24.7198
1106 24.7257
1107 24.7313
1108 24.7346
1109 24.7672
1111 24.7703
1113 24.7716
1115 24.7725
1116 24.7868
1118 24.788
1120 24.7965
1122 24.7969
1123 24.8336
1124 24.8467
1126 24.8786
1127 24.8842
1129 24.9024
1130 24.9042
1132 24.9128
1133 24.939
1135 24.9623
1137 24.9969
1138 25.0049
1140 25.009
1141 25.0112
1142 25.0572
1143 25.0657
1145 25.095
1147 25.1523
1148 25.1552
1149 25.1776
1151 25.1881
1152 25.2051
1154 25.2114
1156 25.2737
1157 25.278
1158 25.3137
1159 25.341
1160 25.343
1161 25.3535
1162 25.3536
1163 25.3944
1164 25.4091
1165 25.4495
1167 25.4517
1168 25.4556
1169 25.4658
1171 25.4709
1172 25.4815
1174 25.524
1176 25.5639
1177 25.567
1178 25.5915
1179 25.6073
1182 25.6136
1184 25.6199
1186 25.6337
1187 25.6729
1188 25.6755
1189 25.7095
1191 25.7111
1193 25.753
1194 25.8165
1195 25.8298
1196 25.8559
1198 25.8593
1199 25.8866
1200 25.9084
1202 25.9348
1204 25.9421
1205 25.9556
1207 25.9683
1208 25.9686
1210 25.9874
1211 26.0021
1212 26.0095
1214 26.0164
1215 26.0937
1216 26.0949
1217 26.0952
1219 26.0982
1220 26.1058
1221 26.125
1223 26.1543
1224 26.1554
1226 26.1592
1228 26.1911
1229 26.2047
1230 26.2429
1231 26.2556
1232 26.2803
1233 26.3015
1235 26.3123
1236 26.3219
1238 26.3232
1240 26.3572
1241 26.379
1242 26.3805
1243 26.3911
1244 26.3924
1245 26.3931
1246 26.3949
1248 26.3995
1249 26.4211
1250 26.4348
1253 26.4479
1257 26.4694
1258 26.4972
1259 26.5051
1260 26.5244
1262 26.5309
1263 26.5444
1264 26.5475
1266 26.5528
1268 26.5545
1270 26.5552
1271 26.5644
1273 26.5751
1274 26.601
1276 26.6022
1278 26.6078
1280 26.6084
1281 26.618
1283 26.6252
1284 26.6429
1285 26.6505
1287 26.6842
1288 26.693
1289 26.6954
1290 26.7095
1292 26.7177
1293 26.7611
1294 26.7771
1295 26.8326
1296 26.844
1297 26.846
1299 26.8504
1301 26.8701
1302 26.8754
1303 26.8778
1304 26.8881
1306 26.9524
1307 27.0077
1308 27.0113
1309 27.0304
1311 27.0432
1313 27.0605
1315 27.0837
1316 27.0942
1317 27.0989
1318 27.1092
1320 27.1193
1321 27.1276
1323 27.1398
1325 27.1493
1326 27.1631
1328 27.2102
1329 27.2172
1330 27.2255
1332 27.2854
1333 27.314
1335 27.347
1337 27.369
1339 27.3748
1341 27.402
1342 27.4216
1344 27.4292
1346 27.4297
1348 27.4341
1350 27.4403
1352 27.4442
1353 27.4748
1354 27.5041
1356 27.5232
1358 27.5313
1359 27.5631
1361 27.5674
1362 27.5805
1363 27.5909
1364 27.5993
1365 27.6418
1366 27.6542
1367 27.6611
1368 27.6702
1369 27.6863
1370 27.702
1372 27.7149
1373 27.7291
1375 27.7399
1376 27.7473
1377 27.7576
1378 27.7882
1380 27.7936
1382 27.8024
1384 27.8169
1386 27.8255
1387 27.8344
1388 27.8476
1389 27.8508
1390 27.8602
1391 27.8701
1392 27.8992
1393 27.9135
1395 27.9137
1396 27.946
1397 27.9474
1399 27.9549
1400 27.9753
1401 27.9821
1402 27.9998
1403 28.0125
1404 28.0196
1406 28.0306
1407 28.0418
1409 28.0445
1411 28.0689
1412 28.072
1414 28.0751
1415 28.0795
1416 28.0837
1417 28.1221
1418 28.1409
1419 28.1503
1421 28.161
1424 28.1989
1426 28.2321
1427 28.2605
1429 28.2774
1430 28.2989
1431 28.3119
1432 28.3199
1433 28.3528
1434 28.4165
1435 28.4185
1436 28.4207
1437 28.4262
1438 28.4649
1439 28.4702
1441 28.4933
1442 28.5087
1443 28.5139
1444 28.5268
1445 28.5316
1447 28.5408
1449 28.543
1450 28.5781
1452 28.5922
1453 28.6445
1454 28.681
1455 28.7252
1456 28.7544
1457 28.8224
1458 28.828
1460 28.8368
1461 28.8481
1462 28.851
1463 28.8878
1464 28.8901
1466 28.9005
1467 28.9088
1468 28.9325
1469 28.9415
1470 28.9468
1471 28.9485
1472 28.958
1473 28.9618
1475 28.9687
1476 28.9774
1477 29.0191
1478 29.0392
1479 29.0545
1481 29.0582
1482 29.0631
1483 29.085
1484 29.1255
1485 29.1375
1486 29.1603
1487 29.1629
1489 29.1814
1490 29.1871
1491 29.1887
1492 29.2195
1493 29.2288
1494 29.2344
1495 29.244
1497 29.2667
1498 29.2693
1499 29.2701
1500 29.2727
1501 29.2875
1502 29.3146
1503 29.3148
1504 29.3151
1506 29.329
1507 29.3356
1509 29.3462
1510 29.354
1511 29.3577
1513 29.3844
1515 29.3921
1516 29.3994
1517 29.4103
1519 29.4121
1520 29.4283
1521 29.4518
1522 29.4752
1524 29.4871
1525 29.4903
1526 29.4986
1528 29.5218
1530 29.5241
1531 29.5349
1532 29.5699
1533 29.5934
1535 29.5935
1536 29.6221
1538 29.633
1539 29.6352
1540 29.6365
1541 29.6427
1543 29.6773
1545 29.6869
1546 29.6889
1547 29.7503
1548 29.7679
1550 29.7775
1551 29.7817
1552 29.8251
1553 29.8338
1555 29.8426
1557 29.8505
1558 29.8572
1560 29.8665
1561 29.8749
1563 29.8921
1564 29.906
1566 29.912
1567 29.9546
1568 29.9835
1569 30.0252
1570 30.0363
1572 30.0586
1574 30.1095
1575 30.1111
1576 30.1176
1577 30.1359
1578 30.16
1579 30.1895
1581 30.2008
1582 30.2295
1583 30.243
1585 30.2924
1586 30.2926
1587 30.2977
1588 30.313
1589 30.3427
1590 30.3549
1592 30.3585
1593 30.3744
1595 30.3833
1596 30.4018
1598 30.4221
1599 30.4633
1600 30.4798
1601 30.4862
1602 30.5146
1603 30.5178
1604 30.5436
1605 30.5497
1606 30.5604
1608 30.586
1609 30.5889
1610 30.5915
1611 30.596
1612 30.6028
1613 30.623
1615 30.6481
1616 30.6597
1617 30.6717
1618 30.6721
1620 30.6764
1621 30.6886
1623 30.7067
1625 30.7251
1626 30.7806
1628 30.7896
1629 30.7931
1630 30.8138
1631 30.8228
1632 30.8563
1633 30.8692
1634 30.8712
1635 30.8997
1637 30.9064
1638 30.9098
1639 30.9815
1640 31.0581
1641 31.087
1642 31.0963
1643 31.1218
1644 31.1787
1645 31.1957
1646 31.2172
1648 31.2677
1650 31.2813
1652 31.3069
1653 31.3119
1654 31.3146
1656 31.3363
1657 31.3476
1658 31.3546
1659 31.3581
1660 31.3601
1661 31.3831
1663 31.3851
1664 31.388
1665 31.41
1667 31.4232
1668 31.4623
1669 31.4998
1670 31.5341
1671 31.5346
1672 31.5377
1673 31.5408
1674 31.5452
1675 31.564
1676 31.6353
1677 31.6385
1678 31.6403
1679 31.6493
1680 31.6648
1682 31.7156
1683 31.7204
1684 31.8302
1685 31.9456
1686 31.9591
1687 31.9738
1688 31.9778
1689 32.0022
1690 32.0389
1691 32.1159
1692 32.1558
1693 32.1656
1694 32.2151
1695 32.2188
1697 32.2303
1698 32.2356
1699 32.2365
1700 32.2893
1701 32.3038
1702 32.3395
1703 32.3677
1705 32.3753
1706 32.3784
1707 32.3816
1708 32.3834
1709 32.3953
1710 32.4022
1711 32.4145
1712 32.4332
1713 32.4606
1714 32.48
1715 32.5046
1719 32.5115
1720 32.5459
1721 32.5773
1722 32.5925
1723 32.5996
1725 32.5998
1726 32.6045
1727 32.609
1728 32.6459
1729 32.6861
1730 32.6951
1731 32.7234
1733 32.7439
1734 32.7766
1735 32.7868
1736 32.8437
1737 32.8929
1738 32.9032
1739 32.9171
1740 32.9367
1741 32.9416
1742 32.942
1743 32.9829
1744 32.9961
1745 33.0062
1746 33.016
1747 33.0363
1748 33.0874
1749 33.0884
1751 33.091
1753 33.094
1754 33.0958
1755 33.1149
1757 33.1206
1758 33.1289
1759 33.1386
1760 33.1424
1761 33.1586
1762 33.1907
1763 33.2326
1765 33.2354
1766 33.2363
1767 33.2439
1768 33.2849
1770 33.3084
1771 33.326
1772 33.3413
1773 33.3526
1775 33.3562
1777 33.3589
1778 33.3634
1779 33.4258
1780 33.4322
1781 33.46
1782 33.4806
1783 33.5201
1784 33.5503
1785 33.5606
1786 33.5773
1787 33.5928
1788 33.6113
1789 33.6498
1790 33.6636
1791 33.664
1792 33.6758
1793 33.7988
1794 33.8112
1797 33.8273
1798 33.8362
1800 33.8572
1801 33.8592
1802 33.86
1803 33.8612
1804 33.8774
1805 33.9078
1806 33.9267
1807 33.927
1808 33.947
1809 34.0036
1810 34.0135
1812 34.0565
1813 34.0572
1814 34.0666
1816 34.0718
1817 34.0792
1818 34.0898
1819 34.1019
1820 34.1308
1821 34.143
1822 34.1849
1823 34.2038
1824 34.2371
1825 34.2697
1827 34.2715
1828 34.2794
1830 34.2997
1832 34.3326
1833 34.3336
1834 34.3344
1835 34.3414
1836 34.3766
1837 34.4124
1838 34.437
1839 34.4549
1840 34.4735
1842 34.4748
1843 34.5055
1844 34.5377
1846 34.5773
1848 34.598
1850 34.6047
1851 34.6049
1853 34.6093
1854 34.6309
1855 34.6391
1856 34.6413
1857 34.6813
1858 34.6887
1859 34.8312
1860 34.8378
1861 34.842
1862 34.8496
1863 34.8915
1865 34.8969
1867 34.9233
1868 34.9325
1869 34.9542
1870 34.9674
1871 34.9695
1872 35.0025
1873 35.0039
1874 35.0057
1875 35.0091
1876 35.0388
1877 35.1117
1878 35.1368
1879 35.1503
1880 35.1824
1881 35.1845
1882 35.2232
1883 35.2549
1884 35.264
1885 35.2668
1886 35.2882
1887 35.2901
1888 35.333
1890 35.3749
1892 35.3838
1893 35.4066
1894 35.4547
1895 35.4575
1896 35.477
1897 35.498
1898 35.5011
1900 35.5235
1901 35.5285
1902 35.5901
1903 35.5991
1904 35.6247
1905 35.6322
1906 35.6391
1907 35.645
1908 35.6564
1909 35.6839
1910 35.7001
1911 35.7151
1912 35.7305
1914 35.7436
1915 35.7784
1916 35.8089
1917 35.8091
1918 35.8666
1920 35.8913
1921 35.9214
1922 35.9407
1923 36.0056
1924 36.0157
1925 36.023
1926 36.0381
1927 36.0785
1928 36.0919
1929 36.1015
1930 36.1162
1931 36.1214
1932 36.2583
1933 36.2699
1934 36.3267
1935 36.329
1936 36.3542
1937 36.3638
1938 36.3718
1939 36.3759
1940 36.3856
1941 36.4181
1942 36.4562
1943 36.467
1944 36.4721
1945 36.5751
1946 36.6059
1947 36.6462
1948 36.7026
1949 36.7307
1950 36.8252
1952 36.853
1954 36.8954
1955 36.9089
1956 36.9671
1957 36.9812
1958 36.9829
1959 37.1842
1960 37.1899
1961 37.2395
1962 37.3043
1963 37.3449
1964 37.3597
1965 37.3711
1967 37.4051
1968 37.4232
1969 37.5233
1970 37.6264
1971 37.6528
1972 37.6695
1973 37.6949
1974 37.7
1975 37.7066
1976 37.7146
1977 37.7391
1978 37.7572
1979 37.7626
1981 37.8116
1982 37.823
1983 37.8391
1984 37.8551
1986 37.8741
1987 37.875
1988 37.8854
1989 37.9291
1990 37.9388
1991 37.9623
1993 37.97
1994 37.9718
1995 38.0022
1996 38.0296
1997 38.1494
1998 38.1542
1999 38.1722
2000 38.182
2001 38.1914
2002 38.2286
2003 38.2878
2004 38.3259
2005 38.3816
2006 38.3982
2007 38.4219
2008 38.4286
2009 38.5008
2010 38.5386
2011 38.5405
2012 38.5469
2014 38.5815
2015 38.6204
2016 38.6512
2017 38.6577
2018 38.8723
2020 38.9481
2021 38.9726
2022 39.0014
2023 39.0031
2024 39.1227
2025 39.2274
2026 39.3325
2027 39.3572
2028 39.4453
2029 39.4575
2030 39.5003
2031 39.5289
2032 39.5844
2033 39.5986
2035 39.6174
2036 39.7596
2038 39.7617
2039 39.8423
2041 39.8463
2042 39.9161
2043 39.9769
2044 39.9837
2045 40.0177
2046 40.0978
2047 40.1401
2049 40.2512
2050 40.3285
2051 40.3334
2052 40.3882
2053 40.4408
2055 40.4639
2056 40.4888
2057 40.5036
2058 40.5041
2059 40.5663
2060 40.6207
2061 40.6495
2062 40.6595
2063 40.6768
2064 40.6788
2065 40.6816
2066 40.7579
2067 40.8113
2068 40.8422
2069 40.8468
2070 41.039
2071 41.0674
2072 41.1015
2073 41.119
2074 41.1756
2075 41.2167
2076 41.2255
2077 41.3406
2078 41.3716
2079 41.4389
2080 41.4699
2081 41.5322
2082 41.5551
2083 41.6001
2084 41.6024
2085 41.7112
2086 41.7263
2087 41.7804
2088 41.8029
2089 41.8136
2090 41.8331
2091 41.8917
2092 41.931
2093 41.961
2094 42.0345
2095 42.0854
2096 42.1634
2097 42.1952
2098 42.369
2100 42.3764
2101 42.5498
2102 42.5552
2103 42.6259
2104 42.6384
2105 42.6467
2106 42.6528
2107 42.6774
2108 42.7032
2109 42.7195
2110 42.8364
2111 42.9109
2112 42.9298
2113 43.0256
2114 43.2478
2115 43.2795
2116 43.3522
2117 43.4149
2118 43.5021
2119 43.5109
2120 43.5588
2121 43.5848
2123 43.6156
2124 43.6377
2125 43.6523
2126 43.7235
2127 43.761
2128 43.8027
2129 43.8292
2130 43.8318
2131 43.8941
2132 43.9243
2133 43.9494
2134 44.0191
2135 44.0222
2136 44.0851
2137 44.128
2138 44.1585
2139 44.2849
2140 44.3047
2141 44.3057
2142 44.337
2143 44.3612
2144 44.5303
2145 44.6083
2146 44.7599
2147 44.8733
2148 44.9709
2149 45.0416
2150 45.0497
2151 45.3043
2152 45.3246
2153 45.3442
2155 45.3551
2156 45.5907
2157 45.955
2158 46.0017
2159 46.0307
2161 46.0331
2162 46.1909
2163 46.2886
2164 46.3687
2165 46.3806
2166 46.436
2167 46.5636
2168 46.6467
2169 46.6716
2170 46.7343
2171 46.7817
2172 47.0941
2173 47.098
2175 47.2968
2176 47.4271
2177 47.4408
2178 47.7003
2179 47.7141
2180 47.7291
2181 47.8944
2182 47.937
2183 47.9481
2184 48.0401
2185 48.3185
2187 48.783
2188 48.7873
2189 49.0381
2190 49.0991
2191 49.4678
2192 49.484
2193 49.4998
2194 49.5488
2195 49.994
2196 50.3961
2197 50.3977
2198 50.512
2199 50.6049
2200 50.6517
2201 50.6703
2202 51.1275
2203 51.3219
2204 51.4326
2206 51.6379
2207 51.6754
2208 51.7152
2209 52.3638
2210 52.485
2211 52.5644
2212 52.616
2213 53.2271
2214 53.5814
2215 53.9133
2216 53.9819
2217 54.0908
2218 54.3395
2219 54.9644
2220 55.2122
2222 55.2567
2223 55.7365
2224 57.4476
2225 58.369
2226 58.8558
2227 59.0303
2228 60.612
2229 60.7785
2230 67.8116
2231 72.5146
2232 81.9787
2233 82.4889
2234 85.4494
2235 91.0189
