767  0.0000
1  25.6729
2  37.4051
2  25.5639
1  42.6528
1  42.5498
1  18.1366
1  33.5928
1  21.6792
2  17.0566
1  22.4118
1  40.4888
1  25.6073
2  37.4051
2  25.5639
1  28.6810
1  26.8881
1  40.6816
2  19.3686
1  27.4216
1  28.7544
1  41.0674
1  17.6957
1  53.2271
1  25.1552
2  17.0566
2  19.3686
1  46.7343
3  28.1989
1  52.5644
1  40.6768
2  33.0910
1  35.1824
1  24.6561
1  37.8551
2  20.8073
1  31.3880
1  40.6495
1  34.0666
1  39.1227
2  20.8073
1  25.3137
2  33.0910
2  36.8954
1  24.7672
2  34.6047
2  36.8954
1  30.5915
2  20.8970
1  39.8423
1  35.0057
1  32.9420
1  44.7599
1  32.3953
1  41.5551
1  41.7263
1  35.8666
2  20.8970
2  34.6047
2  31.4232
2  28.0306
1  37.7000
2  30.6764
1  32.0022
1  31.5452
1  34.0572
2  31.3363
1  33.9078
2  37.8116
1  30.9098
2  30.6764
2  31.4232
1  33.2439
2  28.0306
1  27.8701
2  29.4871
2  26.7177
2  27.8169
1  41.8136
1  34.1019
2  37.8116
2  31.3363
1  37.7146
1  35.7151
2  26.7177
2  29.4871
1  37.7066
1  36.4181
2  27.8169
2  20.2353
1  24.6097
2  22.8199
1  28.3199
2  26.8701
1  31.0870
2  23.2565
1  25.9686
2  24.9623
2  27.4341
1  29.5699
1  21.4156
2  26.8701
2  22.8199
2  20.2353
2  26.8504
1  28.9580
1  27.6702
2  24.7880
2  23.0553
1  26.3924
2  24.9623
2  23.2565
2  27.4341
1  25.2780
2  24.7880
1  29.9060
2  26.8504
1  27.4748
2  23.0553
1  39.3572
2  30.3585
2  26.1543
1  34.2794
1  33.6758
1  24.2108
1  20.4147
2  18.6322
1  30.5497
1  29.2875
1  31.9591
1  40.8468
2  26.1543
2  30.3585
1  35.7305
1  30.8228
1  30.2295
1  29.4986
2  20.3237
1  34.1430
2  18.6322
1  29.4518
1  39.9161
1  26.6505
1  35.6322
1  32.5773
2  20.3237
1  42.6774
1  26.3911
1  25.8866
1  35.9407
1  26.8460
1  38.2286
2  21.9715
1  82.4889
2  24.4309
1  27.2172
1  29.3151
2  37.8741
2  23.9672
2  21.9715
2  47.2968
1  43.5109
2  47.2968
1  29.5349
1  32.0389
1  22.9567
1  38.6204
1  47.7003
2  19.0422
2  23.9672
2  48.7830
2  37.8741
2  48.7830
2  24.4309
1  36.9671
2  19.0422
1  38.3816
1  24.7868
1  81.9787
2  22.3572
1  40.5663
2  29.8505
1  29.5934
2  23.7747
1  34.3766
2  19.3839
1  33.6113
1  43.2478
2  23.7747
2  34.3326
2  22.3572
1  25.2051
2  29.8505
2  29.3462
2  26.6252
2  34.3326
2  29.2667
1  52.4850
2  19.3839
1  34.4549
1  25.3944
1  34.9695
2  29.3462
1  42.7032
1  34.8420
2  29.2667
2  26.6252
1  29.8338
1  26.3790
1  26.2556
2  24.6684
2  30.2008
3  21.8133
1  27.8344
2  30.2008
2  30.2924
2  24.6684
2  26.3232
2  26.3232
1  31.1218
2  21.6664
2  19.5741
1  26.8326
2  21.6664
1  30.6597
1  26.0021
2  34.2715
3  21.8133
3  21.8133
2  30.2924
2  34.2715
1  35.2668
2  19.5741
1  27.1276
1  28.0837
2  21.7541
1  24.4437
1  31.4623
1  30.6230
2  27.1193
1  31.5341
2  28.8368
1  30.0363
2  24.9024
1  26.3931
1  37.7391
1  44.1585
2  27.1193
1  30.8712
2  21.7541
2  30.7251
2  24.2902
1  35.9214
1  33.5606
1  35.5901
2  24.9024
1  43.8941
1  29.2693
1  25.3536
2  28.8368
1  30.2430
1  30.8997
1  33.6498
2  24.2902
2  30.7251
2  22.1284
2  17.6085
1  20.5628
1  58.3690
1  49.0381
1  40.1401
1  25.4815
2  19.2979
2  33.1206
1  30.3130
1  44.5303
1  32.4022
2  17.6085
2  22.1284
1  52.3638
2  35.3749
1  25.1776
2  17.2321
2  33.3084
1  31.4100
1  39.9769
2  33.1206
2  19.2979
1  29.1255
1  54.9644
2  33.3084
1  19.3507
2  17.2321
1  53.9133
2  35.3749
1  50.6049
2  24.9128
2  23.2413
2  22.8802
1  51.6754
2  21.9015
1  51.7152
1  25.3430
1  52.6160
2  24.2344
1  24.7313
2  24.9128
2  22.8802
1  29.8572
2  23.2413
2  24.3319
2  24.0260
1  27.5631
1  38.5469
2  23.8542
2  24.2344
1  26.6930
2  21.9015
1  29.6889
1  24.4116
1  25.0112
1  29.1603
2  23.8542
2  24.3319
2  24.0260
1  33.8612
1  29.3577
1  24.5553
1  33.4258
2  22.6968
3  21.8039
1  30.4018
1  41.9310
3  21.8039
2  29.6330
1  30.5436
1  26.5644
1  27.5993
2  22.6968
1  35.5011
3  23.7859
1  34.4124
1  43.5588
3  23.7859
1  41.1756
1  35.5285
1  31.3581
1  23.2058
3  21.8039
2  29.6330
1  37.8391
1  25.9084
1  27.8602
1  30.5889
3  23.7859
2  18.1581
1  35.0388
1  21.9610
1  24.2298
2  24.6914
2  23.5785
2  35.8913
1  24.1933
1  27.5805
1  57.4476
1  33.9270
1  41.3716
1  32.9032
2  24.6914
2  18.1581
2  20.9853
2  34.0718
2  20.5925
1  26.3949
1  55.2122
1  36.3638
1  44.0191
1  35.3330
2  35.8913
2  23.5785
1  20.7276
1  36.4670
2  20.5925
2  20.9853
2  34.0718
1  32.5046
2  24.1816
1  41.4389
1  47.7141
2  25.4517
2  25.1881
1  27.5909
1  37.7626
1  30.1600
1  41.8331
1  26.8440
2  24.1816
2  25.4517
1  28.5316
1  33.6640
2  26.5309
1  32.5996
1  43.6377
1  35.7001
2  32.2303
1  38.9726
1  35.2232
1  27.0113
2  25.1881
1  39.5003
1  45.0497
1  38.4286
2  32.2303
1  36.9812
2  26.5309
2  24.7198
1  32.9829
2  26.1911
2  24.6817
1  24.9390
2  25.9348
2  28.5922
1  26.1250
1  37.6695
1  26.6180
1  46.0307
2  26.1911
2  24.7198
2  24.6817
1  29.1375
2  22.2676
2  26.3572
1  25.7095
1  36.5751
1  24.6450
1  48.0401
2  28.5922
2  25.9348
1  28.5268
1  28.5139
1  23.4653
1  31.5377
2  26.3572
2  22.2676
1  22.5189
1  36.9829
1  30.6717
1  27.7020
2  24.8786
2  27.0837
1  45.9550
1  44.3612
1  32.3784
1  34.0898
2  21.9625
2  27.0837
1  49.9940
1  28.9468
1  35.6450
2  24.8786
1  45.3246
1  44.3370
1  38.3259
2  25.7530
2  26.5751
1  23.9681
1  44.8733
1  22.4183
1  41.7804
2  21.9625
2  25.7530
1  28.9088
1  26.7095
2  26.5751
1  32.9961
1  34.2371
2  30.4221
2  23.1516
1  27.1092
1  35.4980
1  50.3961
1  33.0874
1  29.3146
1  37.6528
2  19.9835
1  26.6010
1  43.2795
2  30.4221
2  23.1516
1  25.4658
1  46.7817
1  35.2901
1  34.1849
1  40.3882
2  26.9524
1  26.0937
1  45.3043
1  41.3406
2  19.9835
1  23.6579
1  40.3285
1  36.4562
2  26.9524
1  27.0989
1  38.3982
1  29.0392
2  25.4709
2  29.9120
2  34.2997
1  30.7931
1  40.7579
2  26.6842
1  27.1631
1  33.2363
2  30.5860
2  25.4709
1  28.0418
1  29.2727
2  34.2997
2  29.9120
1  36.0157
2  22.6819
1  29.8749
1  35.2640
2  28.9687
2  26.6842
1  28.4702
1  29.1629
2  30.5860
1  33.1386
1  29.4752
2  22.6819
1  30.6886
2  28.9687
1  29.2440
3  25.6136
2  31.3851
2  29.1814
2  29.8665
2  27.4297
1  32.6090
1  37.9623
1  28.3528
1  36.2699
2  29.8665
1  43.0256
2  29.1814
3  25.6136
1  32.9367
3  25.6136
2  22.1590
1  33.4806
1  24.0936
1  32.9171
1  33.9470
1  46.3687
1  35.4575
1  36.1015
2  22.1590
2  31.3851
1  34.0792
1  31.6648
2  27.4297
1  42.0345
1  37.8230
2  22.5076
2  28.1610
1  36.3542
2  55.2567
2  34.5980
1  43.7610
2  37.9700
2  35.5235
1  24.5499
2  28.1610
1  67.8116
1  48.7873
2  22.5076
1  50.6517
1  30.0252
1  30.8692
1  50.5120
2  24.6318
1  39.4453
2  34.5980
2  55.2567
2  37.9700
2  35.5235
1  44.3047
1  39.5844
1  35.8091
1  31.0963
2  24.6318
4  22.2545
1  31.3119
1  41.1015
1  24.6045
2  21.5172
1  38.1722
2  30.7067
3  23.2668
4  22.2545
2  22.5601
1  33.5201
1  23.9975
1  26.6429
2  21.5172
4  22.2545
1  39.7596
2  27.0432
1  20.7836
2  20.5194
2  30.7067
1  23.5702
1  27.9474
2  22.5601
4  22.2545
2  27.0432
1  36.3290
1  23.0147
2  20.5194
1  22.2687
1  22.8296
2  19.4705
1  20.0853
1  22.6257
1  36.6059
2  27.3690
2  24.0696
1  30.1176
2  21.8042
2  19.4705
1  19.6073
1  25.8298
1  29.6427
1  44.6083
1  50.6703
1  32.4332
1  42.9109
2  27.1398
2  20.0485
2  21.8042
1  22.6922
2  27.3690
1  31.5408
2  24.0696
1  23.0720
1  24.3422
1  20.2367
2  20.0485
2  27.1398
2  25.7111
2  39.6174
2  39.6174
3  26.4479
2  27.5232
2  32.7439
1  28.4207
1  35.0039
4  26.4694
2  25.7111
1  29.2344
1  34.8496
1  27.7473
2  29.4121
2  32.7439
2  27.3748
1  35.2549
4  26.4694
4  26.4694
1  28.7252
2  27.5232
1  33.4322
1  30.3744
2  27.3748
2  39.8463
2  39.8463
2  29.4121
4  26.4694
2  46.0331
2  26.1592
1  27.9998
1  28.0196
2  46.0331
1  33.5773
1  28.4185
2  32.3753
1  29.6221
2  27.4020
1  27.9821
1  34.6391
1  47.8944
2  26.1592
1  37.8854
1  23.3012
2  18.6971
1  43.3522
1  24.7137
1  25.3535
1  32.2365
1  33.5503
1  54.3395
2  27.4020
2  32.3753
2  43.6156
1  24.1357
1  21.7446
2  18.6971
2  43.6156
2  27.4442
1  54.0908
1  32.2893
1  32.2151
2  51.6379
1  27.6418
2  26.0164
2  22.8275
1  28.8224
1  25.4495
2  51.6379
1  30.1111
2  27.4442
1  28.9485
1  36.0785
1  27.7882
1  30.9815
2  25.0090
1  28.8510
1  30.4633
1  72.5146
2  26.0164
2  22.8275
1  24.0337
1  32.4800
2  25.0090
1  91.0189
1  32.3395
1  30.2977
1  85.4494
2  36.8530
1  38.6577
2  26.5545
1  29.1871
1  46.6716
1  37.3597
2  24.7969
2  27.7936
1  41.6024
2  29.8426
1  28.3119
1  42.6384
2  26.5545
1  30.2926
2  36.8530
1  41.2167
2  26.5528
1  28.4262
1  53.5814
2  25.9683
2  24.7969
1  41.6001
2  27.7936
1  28.9618
2  29.8426
2  25.9683
1  40.6207
2  26.5528
1  29.2701
1  38.8723
2  21.4230
2  25.5240
1  27.8476
2  26.6022
1  28.9325
1  36.1162
2  27.5674
1  28.4165
2  28.0751
1  40.0978
2  25.5240
1  30.8138
2  21.4230
1  26.7771
2  26.6022
1  33.8774
1  24.1295
2  21.7095
2  23.9661
1  42.9298
1  32.2356
1  29.9835
2  27.5674
1  32.1558
2  28.0751
2  21.7095
1  30.7806
1  30.5960
1  34.1308
2  23.9661
1  42.7195
1  37.4232
2  34.4748
2  22.3228
2  34.9233
1  46.2886
1  53.9819
1  47.9481
2  42.3764
2  39.7617
2  22.3228
2  34.4748
2  34.9233
1  39.0031
1  46.6467
2  31.2677
1  48.3185
2  45.3551
2  35.3838
1  47.0941
1  47.4271
2  39.7617
1  51.1275
2  42.3764
1  40.6595
2  45.3551
2  31.2677
1  42.1634
1  49.0991
2  35.3838
1  29.7503
1  25.0657
2  23.9347
1  26.4972
1  39.2274
2  19.4724
1  29.2195
1  25.6755
1  24.1869
1  31.5346
1  27.6611
2  23.9347
1  31.6403
1  25.5915
1  37.6264
1  24.4959
1  26.4211
2  22.9449
2  22.8355
1  33.3526
1  25.4091
2  19.4724
1  37.3043
1  26.3805
1  32.3038
1  29.3356
1  26.8778
2  22.9449
2  22.8355
1  43.8027
1  31.1787
3  28.1989
2  23.6818
1  35.1368
1  37.9388
2  28.9005
1  34.2697
2  29.7775
1  29.9546
1  38.1820
1  38.1494
1  30.3427
2  23.6818
1  28.1221
3  28.1989
1  23.3750
2  21.3295
1  23.6333
2  25.2114
1  27.0077
1  37.9291
2  28.9005
2  29.7775
1  31.7204
1  29.0631
2  21.3295
1  23.5793
2  25.2114
1  44.9709
1  43.6523
1  36.7307
2  28.4933
2  31.3069
1  32.3816
1  28.0795
2  25.8593
1  34.2038
4  32.5115
1  33.0884
2  28.4933
1  41.8917
1  47.7291
2  31.3069
2  23.9740
2  28.5430
1  40.4408
4  32.5115
1  28.6445
1  27.7291
4  32.5115
1  36.0919
1  49.4998
2  25.8593
1  31.4998
2  23.9740
4  32.5115
2  28.5430
1  33.8592
2  29.6869
1  36.2583
1  35.1117
1  36.3718
1  36.3856
1  33.2849
1  43.5021
2  28.0445
2  29.3290
1  35.0025
1  34.8378
1  36.3267
1  32.5459
1  35.1845
2  29.6869
1  30.3549
2  31.7156
1  33.4600
1  35.4066
2  29.3844
1  31.2172
2  29.3290
1  29.6365
2  28.0445
1  35.2882
2  29.3844
1  32.7766
2  31.7156
1  40.8422
1  36.0230
1  34.8915
4  22.5034
2  26.6084
1  27.5041
2  23.7361
2  26.6084
1  41.5322
1  21.1658
2  17.7289
4  22.5034
4  22.5034
1  32.6861
1  44.3057
2  23.7361
2  32.5998
2  27.4292
2  21.4104
1  22.7611
4  22.5034
1  29.3148
1  41.2255
2  17.7289
2  32.5998
2  27.4292
2  21.4104
1  22.5529
1  32.3834
1  36.3759
3  33.8273
2  27.1493
4  23.3542
1  35.6839
1  40.5041
1  31.3601
1  39.0014
1  34.5377
4  23.3542
3  33.8273
1  29.2288
1  37.1899
1  42.1952
3  33.8273
1  29.3540
4  23.3542
1  39.4575
1  33.0363
1  34.5055
1  34.3414
1  34.3336
1  31.6385
2  27.1493
4  23.3542
1  31.6353
2  30.0586
1  21.1672
1  46.5636
2  18.3956
2  29.5218
2  34.5773
2  24.9969
1  35.7784
1  43.4149
1  21.6482
2  30.0586
1  32.6045
2  18.3956
1  33.8362
1  35.6564
1  42.6467
2  24.7725
2  33.0940
1  41.7112
1  26.5444
2  29.5218
2  34.5773
2  24.9969
1  33.1586
1  30.4862
2  33.0940
1  24.8467
1  42.3690
2  24.7725
2  22.4919
1  27.3140
2  21.0637
2  33.3562
1  29.7679
1  36.9089
2  34.8969
1  37.5233
2  30.6481
1  34.3344
2  33.3562
2  22.4919
1  25.3410
1  26.5475
2  21.0637
1  38.5008
2  27.7399
1  30.1895
2  25.6337
2  20.3198
2  34.8969
2  30.6481
1  34.9325
1  32.7234
1  41.9610
2  25.6337
1  31.3546
1  34.4370
2  27.7399
2  20.3198
2  28.2321
2  30.9064
1  59.0303
1  34.4735
1  40.6788
1  44.0851
1  42.8364
1  38.0296
2  29.8921
2  33.2354
2  28.2321
1  45.0416
1  47.4408
2  30.9064
1  30.8563
1  39.5289
1  42.5552
1  34.6309
2  27.9549
2  22.5774
1  32.4145
1  46.3806
1  46.4360
2  33.2354
2  29.8921
2  27.9549
1  29.1887
1  55.7365
2  22.5774
1  34.6887
2  22.0175
1  35.8089
2  20.1100
1  20.4429
2  20.1316
1  21.7372
2  21.0067
2  17.8358
2  21.4840
2  27.8024
1  43.9243
2  20.1316
2  22.0175
2  20.1100
1  38.2878
2  22.6159
1  39.5986
2  21.2540
2  17.7977
1  43.9494
2  21.0067
2  21.4840
1  22.0102
2  17.8358
2  27.8024
1  28.1409
1  36.7026
2  21.2540
2  22.6159
2  17.7977
2  22.8153
1  45.5907
1  23.8950
1  29.4103
1  34.8312
1  29.3994
1  37.6949
1  26.5051
2  22.6867
1  31.5640
1  30.4798
1  34.9542
1  27.9753
1  33.0160
2  22.8153
1  30.6721
1  35.5991
1  28.2605
2  24.6296
1  31.8302
1  27.9135
1  38.5405
1  28.8878
1  31.6493
2  22.6867
2  24.6296
1  49.4840
1  25.0572
1  35.4770
1  32.4606
1  33.2326
3  26.4479
2  27.9137
1  31.3831
1  40.3334
1  27.0942
1  25.8559
1  42.6259
2  21.8220
2  23.4241
1  49.5488
2  27.9137
1  49.4678
1  28.0125
3  26.4479
2  22.5881
1  32.1159
2  29.0582
2  23.5464
1  26.8754
1  47.0980
1  24.8842
1  51.4326
2  23.4241
2  21.8220
1  32.8437
2  23.5464
2  22.5881
1  27.9460
2  29.0582
1  36.8252
2  24.7965
1  28.5087
1  32.1656
2  34.0565
2  27.4403
1  30.5178
2  23.0357
2  38.9481
1  25.0049
1  38.5386
2  24.7965
2  34.0565
1  33.7988
1  26.3219
1  28.0720
1  30.5604
2  19.3680
2  29.5935
1  23.7044
1  36.6462
2  23.0357
2  38.9481
2  27.4403
1  26.1058
1  31.1957
2  19.3680
1  32.6459
1  24.9042
2  29.5935
1  33.0062
2  25.9421
2  29.5241
2  26.3995
1  32.6951
1  47.9370
2  30.7896
1  36.0056
2  33.3589
2  40.4639
2  29.5241
2  26.3995
2  25.9421
1  36.0381
1  33.0958
1  43.8318
2  28.2774
2  34.6093
1  35.6247
1  40.0177
1  34.9674
2  33.3589
1  33.1424
2  40.4639
2  30.7896
1  33.9267
2  28.2774
2  34.6093
1  33.6636
1  31.0581
1  23.9223
1  27.6863
1  33.1907
2  22.8953
2  27.7149
1  35.4547
1  32.5925
2  24.6132
1  28.8280
2  30.3833
1  46.0017
2  22.8953
1  41.1190
1  32.7868
2  27.7149
1  35.0091
1  43.5848
2  27.0605
2  29.3921
1  44.2849
1  35.1503
2  24.6132
2  30.3833
1  38.6512
1  37.8750
1  28.1503
1  28.9415
2  29.3921
2  27.0605
1  31.3476
2  22.6741
1  33.1149
2  24.7716
1  34.6813
2  24.7716
2  29.6773
2  40.2512
1  28.5781
2  29.6773
2  25.2737
2  38.5815
1  23.1586
2  22.6741
2  38.5815
1  51.3219
2  27.8255
1  43.7235
3  24.6348
2  27.8255
1  26.6954
2  33.8572
1  25.9556
2  25.2737
2  33.8572
2  40.2512
1  27.8508
1  33.8112
3  24.6348
1  41.0390
3  24.6348
2  28.5408
1  38.1542
1  29.4283
1  30.6028
3  23.2668
1  40.8113
1  26.2047
2  35.7436
2  20.4731
1  31.9456
1  41.4699
1  34.0135
2  28.5408
1  30.5146
3  23.2668
1  36.4721
1  30.1359
2  30.1095
2  27.2854
1  37.7572
1  32.9416
1  33.3413
2  35.7436
1  24.7257
2  20.4731
2  30.1095
1  37.2395
1  32.2188
1  35.6391
2  27.2854
2  19.9573
1  33.3634
2  22.2869
1  34.0036
1  27.2255
1  58.8558
1  37.9718
1  60.7785
2  24.7703
2  31.2813
2  22.2869
2  19.9573
1  27.8992
1  25.4556
1  26.1554
1  50.3977
1  38.4219
1  60.6120
2  23.5500
1  29.6352
2  24.7703
2  31.2813
1  32.3677
1  26.0952
1  28.8481
1  29.7817
1  40.5036
1  26.0095
1  38.0022
2  23.5500
2  20.5574
1  37.3449
2  25.6199
2  26.0982
1  22.1929
1  26.2429
1  31.3146
2  23.7838
2  20.3011
1  21.3502
1  27.6542
2  26.0982
1  26.4348
2  20.5574
2  25.6199
2  19.0048
1  21.8326
2  25.9874
2  19.8683
2  17.0984
1  25.8165
1  24.2892
2  23.7838
2  20.3011
1  27.7576
2  19.8683
1  24.7346
2  19.0048
2  25.9874
2  17.0984
1  42.0854
2  20.9083
2  23.8234
2  25.0950
1  26.7611
1  23.3271
1  34.6049
2  17.9933
2  23.6680
1  43.8292
1  26.0949
2  25.0950
2  20.9083
1  24.8336
2  23.8234
2  19.7291
2  28.0689
2  26.6078
2  23.7328
1  39.9837
1  21.3700
2  17.9933
1  24.5122
1  20.3391
2  23.6680
1  39.3325
2  23.7328
2  26.6078
2  19.7291
2  28.0689
1  26.3015
2  20.1982
2  25.1523
1  32.8929
1  29.0191
2  26.3123
2  26.5552
1  33.1289
2  27.2102
1  28.8901
1  44.1280
1  41.8029
2  20.1982
2  25.1523
1  44.0222
1  45.3442
2  27.3470
1  29.0545
1  46.1909
2  27.5313
2  27.2102
1  28.9774
2  26.5552
1  29.8251
2  26.3123
2  27.5313
1  29.0850
1  31.9778
1  28.2989
2  27.3470
1  34.6413
2  23.7324
2  24.3581
1  37.1842
1  26.5244
1  33.8600
1  25.5670
1  28.4649
1  27.0304
1  37.3711
1  29.4903
1  26.2803
2  23.7324
2  24.3581
1  36.1214
1  31.9738
1  21.3924
1  33.3260
1  23.2169
1  38.1914
